0 0.234375 0.251042 0.039062 0.068750
0 0.213867 0.294097 0.049609 0.071528
0 0.294727 0.295833 0.065234 0.070833
0 0.176563 0.338542 0.066406 0.085417
0 0.254883 0.340625 0.074609 0.089583
0 0.123242 0.397917 0.086328 0.112500
0 0.062305 0.479861 0.084766 0.113889
0 0.233789 0.410764 0.076172 0.100694
2 0.191016 0.459375 0.074219 0.125694
0 0.148438 0.580903 0.101562 0.106250
0 0.441797 0.342708 0.060937 0.064583
0 0.522852 0.341667 0.079297 0.077778
0 0.496094 0.405556 0.045312 0.095833
0 0.411719 0.482986 0.092969 0.109028
0 0.398828 0.580903 0.096875 0.134028
2 0.516211 0.560764 0.078516 0.154861
0 0.764453 0.412847 0.066406 0.061806
0 0.854297 0.402083 0.078125 0.104167
0 0.788281 0.475000 0.072656 0.104167
0 0.897461 0.492361 0.073828 0.087500
0 0.855469 0.579861 0.096875 0.165278
3 0.948633 0.565972 0.079297 0.148611
