2 0.139974 0.711343 0.094531 0.179167
2 0.288411 0.361111 0.049740 0.106481
2 0.200651 0.421528 0.057031 0.109722
2 0.309375 0.439120 0.052604 0.122685
2 0.220964 0.546528 0.064844 0.132870
2 0.294010 0.548611 0.074479 0.167593
2 0.459245 0.321991 0.032552 0.090278
2 0.475260 0.381481 0.030208 0.096296
2 0.497526 0.460648 0.052865 0.117593
2 0.523438 0.321296 0.031771 0.086111
2 0.536979 0.388657 0.045312 0.094907
2 0.610026 0.455787 0.055469 0.128241
2 0.637630 0.387963 0.033073 0.102778
2 0.698307 0.398380 0.047135 0.097685
2 0.670182 0.462269 0.052865 0.120833
2 0.755469 0.462037 0.051562 0.113889
2 0.848958 0.406944 0.049479 0.106481
2 0.910026 0.415509 0.037240 0.077315
2 0.965755 0.477778 0.040365 0.107407
2 0.569010 0.563426 0.058854 0.123148
2 0.661328 0.562269 0.064844 0.137500
2 0.761589 0.557639 0.063802 0.138426
2 0.850651 0.558333 0.078385 0.138889
2 0.616536 0.697917 0.071615 0.193056
3 0.717578 0.704398 0.078385 0.174537
2 0.858333 0.696296 0.069271 0.161111
2 0.953385 0.691435 0.069271 0.156944
