2 0.230664 0.248264 0.032422 0.071528
2 0.213281 0.285764 0.050781 0.085417
2 0.173242 0.334375 0.051172 0.090972
2 0.134375 0.397917 0.046094 0.088889
2 0.295312 0.290972 0.038281 0.070833
2 0.264453 0.332639 0.053125 0.093056
2 0.230664 0.394097 0.066797 0.107639
3 0.074414 0.468056 0.072266 0.118056
1 0.183984 0.481597 0.062500 0.115972
2 0.035742 0.553472 0.069922 0.137500
2 0.145508 0.560069 0.084766 0.135417
1 0.402344 0.586806 0.073438 0.112500
2 0.445117 0.291319 0.033984 0.074306
2 0.434570 0.340278 0.035547 0.075000
2 0.425586 0.397569 0.049609 0.097917
2 0.411133 0.472569 0.068359 0.103472
2 0.518555 0.327083 0.048828 0.086111
2 0.525195 0.457986 0.067578 0.114583
2 0.519141 0.558333 0.085156 0.144444
3 0.858594 0.575694 0.073438 0.122222
2 0.752148 0.396181 0.045703 0.085417
2 0.837500 0.396528 0.059375 0.098611
1 0.779687 0.474306 0.067187 0.093056
3 0.894336 0.467708 0.053516 0.125694
2 0.952734 0.568403 0.085156 0.143750
