2 0.169271 0.706250 0.087500 0.175463
2 0.232943 0.312963 0.047135 0.085185
3 0.203516 0.428009 0.071615 0.131944
2 0.291927 0.361574 0.052083 0.100000
2 0.303646 0.451157 0.068750 0.115278
2 0.277474 0.563194 0.073177 0.155093
2 0.203776 0.547685 0.066927 0.152778
2 0.298958 0.737269 0.084896 0.181944
2 0.457292 0.327546 0.028125 0.091204
2 0.521875 0.332870 0.027604 0.091667
2 0.477604 0.383102 0.035417 0.111574
2 0.538932 0.387731 0.035677 0.093981
2 0.637109 0.392593 0.046094 0.103704
2 0.498958 0.460185 0.053646 0.112963
2 0.610807 0.465509 0.048177 0.105093
2 0.675391 0.456250 0.041927 0.109722
2 0.755599 0.460417 0.055469 0.113426
2 0.569271 0.555556 0.073958 0.139815
2 0.653776 0.556481 0.071094 0.156481
2 0.753776 0.558102 0.066406 0.141204
2 0.850651 0.553935 0.070052 0.152315
2 0.605859 0.702546 0.072656 0.174537
2 0.727995 0.708565 0.077865 0.157870
2 0.841667 0.692593 0.094271 0.174074
2 0.934115 0.690278 0.077604 0.136111
2 0.848568 0.404630 0.046615 0.108333
2 0.904036 0.478935 0.054948 0.098611
2 0.959115 0.473843 0.048438 0.098611
