3 0.163672 0.707870 0.087760 0.177778
2 0.235937 0.305787 0.036979 0.095833
3 0.207813 0.360880 0.050521 0.098611
3 0.198568 0.438426 0.052865 0.087037
3 0.288672 0.354398 0.051302 0.102315
3 0.309115 0.446065 0.058854 0.123611
2 0.209245 0.547454 0.053906 0.139352
4 0.277474 0.524074 0.072656 0.200926
2 0.292448 0.746991 0.090625 0.162500
2 0.460286 0.326389 0.030990 0.087963
2 0.521094 0.328472 0.028125 0.085648
2 0.475911 0.381944 0.040365 0.097222
2 0.534505 0.393056 0.034635 0.100926
4 0.636328 0.392824 0.039323 0.103241
4 0.695052 0.391898 0.038021 0.093981
2 0.501042 0.464815 0.052083 0.105556
3 0.606380 0.466898 0.055990 0.107870
2 0.674479 0.466204 0.057813 0.133333
4 0.755078 0.464120 0.052865 0.106019
2 0.562370 0.568519 0.059115 0.128704
2 0.655859 0.561574 0.070052 0.146296
1 0.756771 0.561111 0.059896 0.135185
2 0.846354 0.566898 0.062500 0.135648
2 0.609115 0.696528 0.072917 0.179167
2 0.711589 0.700694 0.082552 0.157870
2 0.849219 0.700926 0.078125 0.160185
2 0.954818 0.692593 0.068490 0.145370
2 0.964323 0.481019 0.048438 0.082407
2 0.913932 0.423843 0.037760 0.075463
1 0.903255 0.493750 0.063281 0.084722
