2 0.172135 0.712269 0.086458 0.164352
2 0.233854 0.310648 0.043750 0.078704
2 0.204427 0.425463 0.069271 0.123148
2 0.290755 0.362731 0.048698 0.100463
2 0.306771 0.449537 0.053125 0.110185
2 0.206380 0.550463 0.066927 0.148148
4 0.286458 0.544213 0.065104 0.169907
2 0.303255 0.740741 0.084635 0.177778
2 0.457813 0.322917 0.035417 0.093981
2 0.526953 0.327778 0.032031 0.078704
2 0.480078 0.381250 0.040365 0.102315
2 0.537370 0.390278 0.039323 0.098148
2 0.638542 0.393287 0.041667 0.095833
2 0.689583 0.392361 0.048958 0.108796
2 0.497526 0.459954 0.057552 0.111574
2 0.609635 0.467361 0.048438 0.111574
2 0.680208 0.464583 0.049479 0.118056
2 0.570703 0.556019 0.071094 0.123148
2 0.652474 0.554861 0.072656 0.149537
2 0.752604 0.559954 0.069271 0.132870
2 0.754948 0.460417 0.059375 0.110648
2 0.607812 0.706481 0.066146 0.177778
3 0.727214 0.709491 0.077865 0.153241
2 0.842448 0.690741 0.077604 0.161111
2 0.935417 0.690741 0.067708 0.132407
2 0.850130 0.548611 0.069010 0.141667
2 0.845443 0.404167 0.041927 0.098148
2 0.906120 0.419676 0.041406 0.079167
2 0.902604 0.479861 0.054688 0.091204
2 0.956901 0.479630 0.047656 0.095370
