1 0.212891 0.297222 0.050781 0.077778
2 0.298047 0.289236 0.036719 0.079861
3 0.258789 0.335417 0.046484 0.084722
0 0.174414 0.347917 0.058984 0.069444
1 0.133008 0.390972 0.055078 0.105556
2 0.083008 0.467708 0.058984 0.100694
0 0.234570 0.408681 0.075391 0.095139
1 0.191992 0.466319 0.070703 0.121528
2 0.138086 0.562500 0.075391 0.144444
3 0.440430 0.332292 0.051172 0.085417
2 0.427148 0.400694 0.076172 0.084722
3 0.515430 0.395486 0.044922 0.092361
1 0.407031 0.473264 0.068750 0.102083
1 0.518555 0.476042 0.066016 0.104861
1 0.533008 0.561111 0.077734 0.138889
2 0.748633 0.407292 0.049609 0.078472
2 0.842969 0.389583 0.053906 0.098611
2 0.785547 0.468750 0.058594 0.102778
2 0.899219 0.467708 0.048438 0.121528
1 0.955273 0.564236 0.076172 0.153472
3 0.852148 0.563889 0.081641 0.156944
