4 0.120898 0.462847 0.053516 0.181250
4 0.207031 0.444097 0.057031 0.168750
4 0.257031 0.485069 0.039844 0.203472
4 0.309570 0.555556 0.094141 0.243056
4 0.198242 0.561806 0.076172 0.281944
4 0.237109 0.707639 0.115625 0.315278
4 0.383008 0.701042 0.076953 0.310417
4 0.308789 0.377778 0.033984 0.106944
4 0.345703 0.402083 0.038281 0.091667
4 0.389062 0.435069 0.045312 0.117361
4 0.639453 0.571181 0.088281 0.318750
4 0.763477 0.534722 0.071484 0.305556
4 0.883594 0.502778 0.069531 0.261111
4 0.959180 0.475347 0.075391 0.224306
4 0.819336 0.437153 0.053516 0.190972
4 0.709766 0.412847 0.040625 0.170139
4 0.666406 0.410764 0.040625 0.161806
4 0.571875 0.385417 0.047656 0.141667
