0 0.215039 0.296875 0.055078 0.057639
0 0.291992 0.292361 0.073047 0.068056
0 0.174609 0.344097 0.068750 0.067361
0 0.130859 0.403819 0.072656 0.093750
0 0.062305 0.480208 0.082422 0.103472
0 0.253516 0.343403 0.078906 0.077083
0 0.232031 0.409028 0.082031 0.101389
1 0.189844 0.465972 0.079687 0.118056
0 0.150977 0.585417 0.103516 0.109722
0 0.402539 0.606250 0.099609 0.123611
0 0.516016 0.610764 0.128906 0.124306
0 0.395508 0.476736 0.108203 0.103472
2 0.524805 0.468403 0.077734 0.120139
3 0.778320 0.470139 0.058984 0.106944
0 0.845117 0.413889 0.086328 0.097222
0 0.899023 0.492014 0.098828 0.099306
0 0.859570 0.590972 0.109766 0.127778
0 0.958203 0.579514 0.081250 0.139583
0 0.432617 0.401389 0.058203 0.106944
