2 0.173307 0.707639 0.083594 0.184722
2 0.237109 0.308565 0.034115 0.098611
2 0.216146 0.358333 0.035417 0.110185
2 0.199349 0.430787 0.051302 0.106019
2 0.210417 0.551620 0.060937 0.152315
2 0.285677 0.364120 0.054167 0.098611
2 0.310677 0.444676 0.056771 0.123611
3 0.280208 0.556944 0.067708 0.153704
2 0.293880 0.738426 0.092969 0.172222
2 0.462109 0.322917 0.028906 0.099537
2 0.522266 0.331944 0.029948 0.088889
2 0.474219 0.382176 0.038542 0.101389
2 0.536068 0.390972 0.038802 0.089352
2 0.499609 0.460880 0.054427 0.095833
2 0.566146 0.566435 0.061979 0.129167
2 0.606771 0.468287 0.056771 0.116204
2 0.639193 0.392593 0.041406 0.107407
2 0.695182 0.402083 0.038281 0.095833
2 0.672656 0.459722 0.054167 0.128704
2 0.660286 0.563194 0.071094 0.146759
2 0.606901 0.700926 0.070573 0.182407
2 0.715495 0.706019 0.083594 0.164815
2 0.755208 0.556250 0.071875 0.140278
2 0.751953 0.461806 0.060156 0.101389
2 0.850651 0.411343 0.037760 0.104167
2 0.910807 0.473148 0.057031 0.121296
2 0.967187 0.480556 0.048958 0.095370
2 0.850651 0.572454 0.069010 0.143981
2 0.850130 0.702546 0.077865 0.156019
2 0.950651 0.690046 0.070573 0.162500
