3 0.239063 0.307870 0.039583 0.091667
2 0.212760 0.353241 0.036979 0.103704
2 0.294141 0.361343 0.037760 0.106944
2 0.322005 0.438194 0.058073 0.124537
3 0.281120 0.534954 0.067969 0.164352
3 0.215885 0.546759 0.059375 0.138889
2 0.166536 0.683333 0.093490 0.203704
2 0.275521 0.706250 0.116667 0.206944
1 0.451302 0.323148 0.036979 0.087037
2 0.517839 0.336111 0.028385 0.075000
2 0.544010 0.383565 0.035937 0.106944
3 0.497005 0.458102 0.072135 0.127315
4 0.614323 0.459491 0.059375 0.115278
2 0.639193 0.399306 0.034115 0.077315
4 0.694531 0.452083 0.056250 0.143981
2 0.755990 0.465741 0.048438 0.125926
2 0.552214 0.574074 0.075260 0.144444
2 0.658203 0.559491 0.086198 0.133796
2 0.599740 0.693287 0.071875 0.189352
0 0.759245 0.578241 0.071615 0.144444
2 0.827214 0.551620 0.060156 0.127315
0 0.851042 0.430093 0.058333 0.069444
3 0.966927 0.481481 0.050000 0.077778
3 0.905339 0.481944 0.062760 0.098148
1 0.719531 0.719444 0.071875 0.159259
2 0.848437 0.697685 0.087500 0.160185
4 0.940755 0.669676 0.075260 0.168981
