2 0.233594 0.309259 0.040104 0.087963
2 0.215495 0.359028 0.040365 0.112500
2 0.285807 0.362269 0.043490 0.094907
2 0.201953 0.422917 0.057552 0.121759
2 0.309766 0.440278 0.060156 0.127778
4 0.209896 0.548843 0.062500 0.145833
1 0.278255 0.571759 0.068490 0.114815
2 0.161589 0.709491 0.098177 0.180093
2 0.294531 0.734722 0.080208 0.165741
2 0.460026 0.322685 0.029427 0.095370
2 0.477474 0.384259 0.039844 0.099074
2 0.499479 0.459259 0.051042 0.111111
4 0.540104 0.386806 0.040104 0.094907
4 0.573698 0.558333 0.064583 0.137037
2 0.632682 0.386574 0.030469 0.100000
2 0.610026 0.462963 0.052865 0.121296
2 0.666276 0.457176 0.054427 0.119907
2 0.693880 0.399306 0.040885 0.097685
2 0.761458 0.468750 0.046875 0.113426
2 0.657943 0.559259 0.074219 0.144444
4 0.748958 0.556713 0.063542 0.137500
2 0.614062 0.698611 0.066667 0.169444
2 0.712891 0.715972 0.073177 0.153241
2 0.845313 0.558565 0.069792 0.141204
2 0.839063 0.695139 0.082292 0.161574
2 0.940234 0.687731 0.070052 0.157870
2 0.842708 0.405556 0.046875 0.107407
2 0.906901 0.482407 0.056510 0.089815
2 0.963411 0.479398 0.044531 0.102315
