4 0.117969 0.249306 0.048438 0.247222
4 0.238281 0.295833 0.044531 0.213889
4 0.104492 0.523264 0.121484 0.234028
2 0.167187 0.363889 0.059375 0.131944
2 0.283594 0.393750 0.070312 0.151389
4 0.373828 0.377431 0.072656 0.132639
2 0.225781 0.613889 0.134375 0.244444
2 0.370703 0.603125 0.083594 0.209028
1 0.430469 0.431597 0.075781 0.157639
2 0.507422 0.411458 0.068750 0.175694
2 0.470508 0.689583 0.126172 0.352778
2 0.592383 0.690625 0.130078 0.218750
2 0.583984 0.492361 0.098437 0.179167
2 0.816797 0.557292 0.114844 0.235417
2 0.927930 0.523958 0.094141 0.221528
