2 0.067383 0.316319 0.086328 0.125694
2 0.157617 0.342708 0.075391 0.110417
2 0.176563 0.275347 0.051562 0.125694
2 0.237305 0.384722 0.070703 0.183333
2 0.268359 0.318056 0.060156 0.122222
2 0.045703 0.515625 0.091406 0.178472
3 0.141406 0.644444 0.117188 0.251389
3 0.082617 0.852778 0.163672 0.290278
4 0.266016 0.837847 0.139063 0.288194
2 0.330273 0.464236 0.085547 0.159028
2 0.349414 0.353819 0.066797 0.136806
2 0.349023 0.267014 0.050391 0.093750
2 0.540039 0.330208 0.068359 0.138194
2 0.617969 0.325694 0.044531 0.133333
2 0.666992 0.385069 0.075391 0.150694
2 0.753125 0.356250 0.063281 0.166667
2 0.610547 0.515278 0.062500 0.186111
2 0.694531 0.663194 0.158594 0.318056
3 0.856055 0.602083 0.119141 0.263889
2 0.819336 0.435069 0.066797 0.182639
2 0.916406 0.420833 0.097656 0.181944
