3 0.155859 0.704398 0.086719 0.190278
3 0.288411 0.731944 0.094010 0.165741
3 0.207422 0.549769 0.061719 0.135648
3 0.201693 0.431250 0.052865 0.109722
3 0.207161 0.356944 0.048698 0.102778
3 0.293359 0.355324 0.053906 0.108796
2 0.236458 0.304167 0.034375 0.097222
2 0.454688 0.322917 0.027083 0.101389
3 0.476953 0.380787 0.032552 0.109722
2 0.498177 0.459954 0.050521 0.101389
3 0.524089 0.333565 0.030990 0.081019
3 0.541536 0.390278 0.041927 0.101852
3 0.570443 0.555324 0.068490 0.145833
3 0.609115 0.457176 0.049479 0.117130
2 0.635156 0.386343 0.035417 0.096759
3 0.695833 0.395370 0.041146 0.101852
3 0.670443 0.460880 0.053385 0.105093
3 0.658073 0.558333 0.064583 0.142593
2 0.761198 0.466898 0.054167 0.120833
3 0.745573 0.564352 0.065625 0.135185
3 0.849089 0.554398 0.061719 0.143056
3 0.614323 0.703935 0.069792 0.175463
3 0.709635 0.708102 0.076042 0.159722
2 0.841927 0.690741 0.082812 0.174074
3 0.943359 0.685417 0.073698 0.149537
2 0.847005 0.409722 0.038802 0.104630
2 0.905729 0.477778 0.052604 0.095370
2 0.964063 0.476620 0.048958 0.097685
