2 0.140755 0.713657 0.090365 0.183796
2 0.290234 0.705324 0.081510 0.190278
6 0.254688 0.550000 0.155208 0.146296
2 0.230078 0.307639 0.045573 0.091204
2 0.288542 0.362269 0.048438 0.106944
2 0.201823 0.422685 0.058333 0.108333
2 0.309896 0.436111 0.051562 0.118519
2 0.459375 0.325463 0.034375 0.091667
2 0.475000 0.382870 0.039062 0.103704
2 0.500521 0.460880 0.052604 0.117130
2 0.525260 0.325694 0.034375 0.083796
2 0.535677 0.389120 0.044792 0.098611
2 0.566016 0.561806 0.064323 0.129167
2 0.609245 0.451620 0.057552 0.120833
2 0.636849 0.387269 0.035156 0.107870
2 0.698698 0.401620 0.046354 0.098611
2 0.668880 0.459954 0.050260 0.123611
2 0.658724 0.566435 0.066927 0.144907
2 0.613411 0.698843 0.074219 0.173611
2 0.717187 0.706250 0.071354 0.172685
2 0.756901 0.559491 0.065885 0.138426
2 0.752344 0.459259 0.055729 0.104630
2 0.847266 0.404398 0.049740 0.093981
2 0.910417 0.415972 0.032813 0.086574
2 0.967448 0.476852 0.041146 0.096296
1 0.916276 0.486806 0.064844 0.071759
2 0.848698 0.565278 0.078125 0.125000
2 0.852344 0.705324 0.084896 0.168981
2 0.953125 0.690509 0.066667 0.147685
