2 0.232552 0.306250 0.045312 0.084722
2 0.289453 0.366667 0.041406 0.099074
1 0.198177 0.424537 0.061458 0.115741
1 0.308594 0.441204 0.057813 0.109259
2 0.278776 0.559028 0.064844 0.149537
2 0.205078 0.556713 0.060677 0.149537
2 0.168750 0.720139 0.091146 0.184722
2 0.295312 0.738194 0.081771 0.170833
2 0.459245 0.326620 0.033594 0.097685
2 0.477474 0.383565 0.034115 0.095833
2 0.540104 0.391204 0.048958 0.108333
2 0.524219 0.327546 0.030208 0.074537
2 0.501302 0.466435 0.052604 0.097685
2 0.611458 0.467593 0.056771 0.100926
2 0.636068 0.386806 0.036719 0.096759
2 0.695182 0.401620 0.036198 0.078241
2 0.676823 0.462269 0.050521 0.106944
2 0.757812 0.467824 0.051042 0.099537
2 0.577214 0.555787 0.066927 0.143056
2 0.660156 0.560417 0.064583 0.143981
2 0.750260 0.564120 0.062500 0.133796
2 0.844661 0.562269 0.061719 0.125463
2 0.610807 0.704630 0.065365 0.172222
3 0.714323 0.709722 0.075521 0.150000
2 0.844271 0.695139 0.071354 0.156019
2 0.940234 0.690046 0.065885 0.155093
2 0.845443 0.410417 0.046094 0.095833
2 0.957292 0.473148 0.039583 0.091667
3 0.906380 0.478935 0.049740 0.101389
