2 0.233854 0.315509 0.046354 0.074537
2 0.288021 0.365046 0.044271 0.110648
2 0.205078 0.361111 0.048177 0.112963
2 0.194271 0.438426 0.050521 0.127778
2 0.317708 0.443750 0.055208 0.122685
2 0.216797 0.547685 0.059115 0.137963
4 0.304948 0.550231 0.068750 0.138426
2 0.167057 0.699074 0.086719 0.182407
1 0.287760 0.711343 0.087500 0.202315
2 0.462760 0.320602 0.029687 0.098611
2 0.474089 0.392361 0.029948 0.085648
2 0.534375 0.387500 0.050521 0.094444
2 0.493359 0.455324 0.058594 0.118981
1 0.640234 0.392130 0.050781 0.101852
2 0.613021 0.457639 0.052083 0.124537
4 0.569141 0.565509 0.052865 0.139352
2 0.700130 0.464352 0.051823 0.116667
2 0.651432 0.565972 0.067448 0.143981
2 0.757682 0.466204 0.046615 0.115741
2 0.748047 0.558796 0.066406 0.160185
2 0.843490 0.552083 0.055729 0.148611
2 0.606641 0.698148 0.071094 0.187963
2 0.716016 0.693981 0.077344 0.169444
2 0.850000 0.691667 0.071354 0.175926
2 0.939193 0.687963 0.062760 0.156481
2 0.837630 0.403704 0.052344 0.103704
2 0.955208 0.487731 0.047396 0.092130
