4 0.286198 0.364815 0.034896 0.110185
4 0.195964 0.434491 0.052865 0.127315
4 0.310937 0.440972 0.066146 0.131944
4 0.219401 0.563657 0.054948 0.125463
4 0.286458 0.551620 0.062500 0.148611
4 0.186849 0.711806 0.086198 0.208796
2 0.291276 0.720602 0.085156 0.194907
4 0.460677 0.323843 0.035417 0.094907
4 0.520443 0.327315 0.033073 0.094444
4 0.536328 0.380093 0.038281 0.113889
4 0.499479 0.459722 0.053125 0.123148
4 0.611068 0.456019 0.056510 0.128704
4 0.568229 0.565972 0.054167 0.136574
4 0.663281 0.562963 0.061979 0.145370
4 0.670052 0.456944 0.050521 0.115741
4 0.635807 0.385648 0.034635 0.096296
4 0.694792 0.392361 0.044792 0.109722
5 0.758854 0.437037 0.044271 0.142593
4 0.755599 0.556019 0.064323 0.148148
2 0.848958 0.557176 0.061979 0.132870
4 0.615365 0.698843 0.068229 0.193981
4 0.711719 0.702778 0.077083 0.157407
4 0.860807 0.702778 0.071094 0.162963
4 0.951042 0.692361 0.069271 0.152315
2 0.959896 0.484028 0.047917 0.080093
2 0.900260 0.476157 0.047396 0.087500
