4 0.202995 0.433333 0.065885 0.128704
3 0.288672 0.359259 0.050260 0.104630
4 0.314714 0.450694 0.061198 0.124537
3 0.220182 0.567593 0.063281 0.138889
1 0.291016 0.554630 0.080990 0.150000
2 0.154167 0.693287 0.115625 0.181019
2 0.304167 0.738657 0.080729 0.167130
2 0.465104 0.331019 0.031250 0.102778
2 0.480729 0.382176 0.036979 0.090278
2 0.497786 0.466667 0.053906 0.109259
2 0.530990 0.335880 0.033333 0.083796
2 0.556250 0.389583 0.050521 0.101389
3 0.550130 0.564583 0.056510 0.118981
1 0.610026 0.705556 0.071615 0.158333
5 0.688542 0.376852 0.050521 0.150000
3 0.656771 0.575463 0.067187 0.103704
1 0.600130 0.479630 0.055469 0.104630
1 0.717839 0.718519 0.087760 0.147222
2 0.847005 0.704167 0.082031 0.170370
4 0.942448 0.697685 0.069271 0.132407
4 0.845182 0.422685 0.048698 0.079630
4 0.952734 0.486574 0.048177 0.099074
1 0.656510 0.462269 0.067708 0.102315
