0 0.214453 0.296875 0.052344 0.074306
0 0.296094 0.299306 0.055469 0.062500
0 0.170703 0.346181 0.060937 0.070139
2 0.129492 0.395833 0.060547 0.108333
1 0.257031 0.330556 0.059375 0.093056
0 0.233008 0.408333 0.062891 0.095833
0 0.073242 0.477083 0.080859 0.122222
2 0.199219 0.477431 0.085156 0.134028
0 0.125781 0.584722 0.096875 0.154167
0 0.527734 0.260417 0.050781 0.073611
0 0.426758 0.403819 0.080078 0.104861
1 0.407031 0.580208 0.114062 0.135417
2 0.530078 0.568056 0.083594 0.137500
0 0.764062 0.421181 0.050781 0.074306
0 0.850195 0.424306 0.077734 0.080556
0 0.800000 0.497222 0.083594 0.105556
0 0.907422 0.493750 0.078906 0.115278
0 0.873242 0.590972 0.098047 0.169444
0 0.969727 0.594444 0.060547 0.147222
3 0.518750 0.482639 0.096875 0.094444
