2 0.044336 0.539236 0.088672 0.211806
2 0.121484 0.651042 0.089063 0.257639
2 0.226562 0.807986 0.148438 0.284028
2 0.199609 0.409028 0.058594 0.116667
2 0.318945 0.370833 0.065234 0.125000
2 0.272461 0.440972 0.091016 0.133333
2 0.700391 0.680903 0.135937 0.324306
2 0.849023 0.701042 0.091016 0.206250
3 0.659180 0.502778 0.078516 0.284722
2 0.621875 0.398264 0.048438 0.159028
2 0.765625 0.431597 0.088281 0.182639
2 0.871289 0.425347 0.071484 0.142361
2 0.939258 0.495833 0.093359 0.200000
2 0.936328 0.817708 0.127344 0.353472
