3 0.213281 0.285764 0.064844 0.127083
2 0.191602 0.360069 0.070703 0.115972
4 0.279492 0.347222 0.075391 0.247222
2 0.356055 0.469444 0.085547 0.163889
2 0.379492 0.365625 0.066797 0.128472
4 0.364063 0.245139 0.050000 0.134722
4 0.096094 0.705903 0.163281 0.577083
2 0.163867 0.635764 0.132422 0.234028
2 0.289062 0.842014 0.110937 0.300694
2 0.646484 0.533333 0.088281 0.191667
4 0.542383 0.316667 0.114453 0.200000
2 0.642383 0.340625 0.058203 0.113194
1 0.701172 0.390972 0.074219 0.152778
2 0.726758 0.638194 0.114453 0.304167
4 0.843164 0.553819 0.127734 0.384028
4 0.923828 0.390278 0.107031 0.259722
2 0.773438 0.364931 0.064062 0.156250
