0 0.212305 0.297569 0.049609 0.085417
0 0.294922 0.297222 0.058594 0.068056
3 0.259766 0.333333 0.057031 0.087500
0 0.169336 0.348958 0.063672 0.074306
2 0.130469 0.390278 0.062500 0.106944
0 0.227344 0.403819 0.073438 0.110417
2 0.082617 0.470833 0.064453 0.105556
1 0.190430 0.472569 0.071484 0.104861
1 0.132617 0.578819 0.088672 0.117361
3 0.430859 0.332986 0.063281 0.088194
1 0.503320 0.337153 0.045703 0.088194
0 0.425977 0.404514 0.081641 0.093750
3 0.520312 0.406597 0.046875 0.084028
0 0.416992 0.496875 0.090234 0.092361
0 0.510742 0.500000 0.071484 0.106944
1 0.407813 0.587847 0.089063 0.095139
1 0.533398 0.571875 0.086328 0.128472
1 0.748828 0.400347 0.048438 0.103472
3 0.844336 0.395833 0.055859 0.106944
2 0.781836 0.470833 0.064453 0.106944
1 0.900195 0.475000 0.064453 0.108333
3 0.851758 0.561111 0.082422 0.144444
3 0.965039 0.569444 0.069922 0.144444
