2 0.237630 0.310417 0.040885 0.096759
1 0.210677 0.366204 0.047396 0.096296
2 0.288151 0.366667 0.051823 0.107407
4 0.313542 0.447685 0.065104 0.140741
2 0.216276 0.552778 0.069531 0.144444
2 0.277474 0.548148 0.068490 0.144444
2 0.164583 0.709259 0.104688 0.173148
2 0.292969 0.740741 0.090104 0.163889
2 0.463151 0.324537 0.035156 0.097222
2 0.473958 0.385648 0.043229 0.098148
2 0.535417 0.392824 0.040625 0.095833
2 0.502083 0.468287 0.057813 0.119907
2 0.607161 0.465509 0.060677 0.106019
2 0.638021 0.393750 0.043750 0.085648
2 0.695052 0.397685 0.036458 0.088889
2 0.677083 0.464352 0.053646 0.112963
2 0.660677 0.565278 0.065104 0.142593
2 0.565365 0.574074 0.051042 0.134259
2 0.608984 0.696528 0.074740 0.178241
2 0.713151 0.699306 0.084115 0.156944
2 0.757422 0.558333 0.066406 0.139815
2 0.752865 0.458333 0.055729 0.092593
2 0.847005 0.703009 0.074740 0.153241
1 0.846875 0.552315 0.062500 0.136111
1 0.953385 0.685417 0.059896 0.153241
1 0.967578 0.484491 0.049740 0.076389
1 0.902083 0.488194 0.061458 0.088426
