2 0.231120 0.312500 0.051302 0.097222
2 0.289583 0.363426 0.050521 0.104630
2 0.209896 0.432870 0.067187 0.114815
2 0.305208 0.445139 0.063021 0.124537
2 0.208464 0.550926 0.061198 0.144444
2 0.280859 0.556481 0.065885 0.143519
2 0.166016 0.712731 0.097135 0.188426
2 0.290495 0.740509 0.083594 0.168056
2 0.460677 0.322222 0.033333 0.096296
2 0.478516 0.386806 0.038802 0.100463
2 0.524870 0.334722 0.036198 0.080556
2 0.500911 0.467824 0.057552 0.111574
1 0.544661 0.393519 0.047135 0.083333
2 0.632031 0.391204 0.048438 0.100926
2 0.695573 0.397454 0.038021 0.086574
2 0.613281 0.463657 0.051562 0.104167
1 0.685807 0.468056 0.053385 0.125000
2 0.759375 0.468981 0.058333 0.108333
2 0.573438 0.548843 0.075000 0.141204
2 0.657292 0.554398 0.074479 0.146759
2 0.749740 0.564120 0.067187 0.133796
2 0.612370 0.705556 0.072135 0.174074
2 0.712109 0.712269 0.070052 0.147685
2 0.844531 0.694907 0.081250 0.154630
2 0.843099 0.560417 0.069010 0.126389
2 0.940495 0.686343 0.068490 0.160648
2 0.964323 0.482407 0.051562 0.085185
3 0.901693 0.486111 0.063802 0.091667
2 0.846354 0.417130 0.046354 0.092593
