4 0.288672 0.348380 0.048177 0.109722
2 0.191406 0.421991 0.053646 0.117130
2 0.305339 0.446991 0.058594 0.126389
4 0.219661 0.544444 0.074219 0.153704
4 0.295573 0.556019 0.069792 0.153704
2 0.301302 0.736111 0.077083 0.174074
4 0.457161 0.330093 0.033594 0.091667
2 0.478776 0.386111 0.039844 0.102778
4 0.537370 0.381019 0.049740 0.108333
2 0.500260 0.457639 0.053125 0.110648
2 0.612500 0.460648 0.060937 0.127778
4 0.555078 0.571528 0.063802 0.130093
2 0.641146 0.396065 0.051042 0.100463
4 0.687630 0.461806 0.053385 0.122685
4 0.765104 0.473148 0.052083 0.112037
2 0.667578 0.565046 0.072656 0.137500
2 0.747917 0.560417 0.066667 0.137500
3 0.600391 0.702546 0.074219 0.168981
2 0.712630 0.712963 0.088281 0.142593
2 0.840885 0.690741 0.078125 0.164815
2 0.949349 0.695602 0.061719 0.147685
3 0.847396 0.563657 0.072396 0.134722
2 0.960026 0.489583 0.048698 0.078241
2 0.892708 0.463657 0.060937 0.115278
2 0.843750 0.402315 0.043750 0.103704
