2 0.232943 0.310417 0.041406 0.093981
2 0.288281 0.357407 0.061458 0.107407
2 0.213542 0.428704 0.052604 0.134259
2 0.305729 0.448611 0.069271 0.125000
2 0.206380 0.553472 0.063281 0.152315
3 0.279036 0.565509 0.064323 0.145833
4 0.155208 0.712500 0.100521 0.195370
2 0.292708 0.734028 0.082812 0.181019
2 0.462891 0.321296 0.034635 0.099074
2 0.477214 0.388426 0.038281 0.094444
2 0.539974 0.385185 0.047135 0.088889
2 0.503516 0.465278 0.054948 0.106481
2 0.636068 0.391898 0.038802 0.106019
2 0.696094 0.402083 0.038542 0.091204
2 0.612109 0.462963 0.049740 0.105556
2 0.676172 0.464815 0.054427 0.120370
2 0.762891 0.466667 0.058073 0.105556
2 0.574479 0.554861 0.067708 0.141204
2 0.655339 0.557176 0.070573 0.149537
2 0.748047 0.557407 0.075260 0.128704
2 0.845703 0.565046 0.072135 0.138426
2 0.611458 0.699074 0.072396 0.163889
2 0.708984 0.709491 0.073177 0.159722
2 0.840365 0.693981 0.085938 0.165741
2 0.945703 0.694213 0.070052 0.149537
2 0.970443 0.479861 0.044531 0.067130
2 0.846224 0.413889 0.048177 0.100000
