2 0.229102 0.250000 0.031641 0.065278
1 0.207617 0.282292 0.047266 0.085417
2 0.292578 0.285417 0.045312 0.072222
6 0.198242 0.364236 0.185547 0.145139
6 0.122266 0.499306 0.223438 0.201389
6 0.464258 0.259375 0.095703 0.096528
6 0.460547 0.361458 0.146094 0.147917
2 0.411719 0.473611 0.062500 0.097222
0 0.386914 0.581944 0.102734 0.136111
3 0.518164 0.563194 0.074609 0.134722
1 0.499805 0.474653 0.061328 0.093750
1 0.749805 0.404514 0.045703 0.082639
1 0.841211 0.401736 0.050391 0.089583
2 0.786914 0.474306 0.058203 0.095833
0 0.878125 0.483681 0.084375 0.142361
3 0.818555 0.585417 0.078516 0.113889
1 0.954688 0.566319 0.078906 0.142361
