2 0.036914 0.354167 0.055859 0.129167
2 0.079687 0.403472 0.068750 0.155556
2 0.142773 0.475000 0.098047 0.180556
1 0.033398 0.592014 0.066797 0.231250
2 0.222852 0.567361 0.098828 0.244444
2 0.125000 0.721875 0.173437 0.345139
2 0.328711 0.706944 0.168359 0.261111
2 0.289648 0.350000 0.073047 0.102778
1 0.375781 0.380903 0.088281 0.132639
2 0.470117 0.423958 0.094922 0.178472
1 0.881445 0.620139 0.133984 0.205556
2 0.571484 0.404167 0.057813 0.159722
2 0.797266 0.374653 0.066406 0.178472
2 0.901953 0.372222 0.049219 0.162500
2 0.951172 0.439236 0.091406 0.188194
