2 0.069727 0.370139 0.051953 0.115278
2 0.113281 0.411806 0.057813 0.154167
2 0.170313 0.476042 0.088281 0.167361
1 0.058398 0.589931 0.078516 0.206250
2 0.242969 0.564583 0.079687 0.215278
2 0.149219 0.714931 0.157031 0.297917
1 0.343359 0.702083 0.168750 0.254167
2 0.299805 0.359375 0.087891 0.110417
1 0.384961 0.394097 0.076953 0.118750
2 0.473828 0.437847 0.084375 0.174306
2 0.575586 0.421528 0.071484 0.144444
2 0.567578 0.314583 0.064844 0.094444
2 0.554492 0.532639 0.069141 0.161111
2 0.871680 0.381597 0.048828 0.138194
1 0.670117 0.356944 0.079297 0.101389
1 0.918164 0.449653 0.080859 0.184028
