2 0.043164 0.495486 0.086328 0.154861
2 0.124805 0.560417 0.101172 0.226389
3 0.049609 0.742014 0.099219 0.268750
1 0.230664 0.706250 0.157422 0.291667
2 0.181055 0.374653 0.068359 0.092361
2 0.257812 0.407292 0.066406 0.131250
2 0.291992 0.333681 0.052734 0.110417
2 0.354492 0.433333 0.085547 0.168056
2 0.361523 0.884375 0.154297 0.218750
2 0.662695 0.387153 0.065234 0.175694
2 0.745117 0.381597 0.061328 0.149306
2 0.803320 0.436806 0.078516 0.180556
2 0.890430 0.423958 0.059766 0.170139
1 0.735938 0.598611 0.076563 0.166667
2 0.839453 0.734028 0.121875 0.334722
2 0.954492 0.690972 0.091016 0.318056
