0 0.213086 0.288194 0.052734 0.065278
0 0.176172 0.347917 0.063281 0.066667
0 0.129102 0.404167 0.073047 0.090278
0 0.063867 0.495486 0.077734 0.082639
0 0.295898 0.293403 0.063672 0.068750
0 0.150977 0.587500 0.104297 0.100000
1 0.193750 0.466319 0.078906 0.117361
0 0.431055 0.296181 0.070703 0.063194
0 0.423438 0.408681 0.078906 0.097917
0 0.386719 0.478819 0.084375 0.110417
0 0.399219 0.585069 0.096094 0.152083
0 0.501367 0.403125 0.056641 0.097917
0 0.517383 0.607986 0.123828 0.129861
0 0.805273 0.359028 0.066016 0.069444
1 0.779297 0.474653 0.057813 0.113194
0 0.849219 0.409028 0.082812 0.104167
0 0.902734 0.498611 0.089844 0.088889
0 0.862500 0.593403 0.096094 0.124306
0 0.960742 0.578125 0.078516 0.135417
