1 0.233724 0.316435 0.047135 0.073611
2 0.207682 0.359028 0.056510 0.104167
2 0.292839 0.361574 0.047135 0.100926
1 0.214714 0.441435 0.076823 0.094907
2 0.310156 0.444907 0.054688 0.122222
5 0.237500 0.556019 0.158333 0.152778
1 0.144792 0.711806 0.091146 0.182870
2 0.282292 0.724074 0.114062 0.196296
2 0.458724 0.323843 0.037240 0.089352
2 0.523828 0.337037 0.030469 0.074074
2 0.483464 0.391204 0.042969 0.084259
2 0.548698 0.389583 0.046354 0.093056
2 0.500781 0.474074 0.081250 0.104630
2 0.560547 0.574306 0.062760 0.141204
2 0.631901 0.401157 0.038281 0.087500
2 0.694922 0.398148 0.042969 0.098148
1 0.610026 0.477546 0.060156 0.106019
1 0.672266 0.462731 0.063802 0.118981
2 0.659505 0.571065 0.087240 0.123611
2 0.597917 0.701620 0.070833 0.178241
2 0.711979 0.716435 0.090104 0.155093
2 0.755339 0.557407 0.075260 0.143519
2 0.844661 0.555556 0.085156 0.157407
0 0.860677 0.725463 0.097396 0.145370
2 0.942839 0.701852 0.072656 0.135185
2 0.965755 0.480787 0.046094 0.072685
1 0.853516 0.421065 0.060677 0.087500
2 0.908724 0.428472 0.043490 0.072685
