2 0.237370 0.313426 0.040885 0.087963
2 0.209245 0.360417 0.037240 0.102315
1 0.204818 0.432176 0.063802 0.120833
2 0.205859 0.552546 0.067448 0.143056
2 0.177083 0.712963 0.092188 0.181481
2 0.296354 0.745370 0.104167 0.172222
2 0.276823 0.561806 0.061979 0.140278
2 0.302865 0.443981 0.067708 0.119444
2 0.292839 0.343750 0.047135 0.106019
2 0.456120 0.330556 0.029948 0.094444
2 0.478646 0.390741 0.034896 0.097222
2 0.496875 0.462037 0.053646 0.108333
2 0.520573 0.334722 0.027604 0.086111
2 0.542839 0.393287 0.047656 0.102315
2 0.634115 0.391667 0.046354 0.103704
2 0.699219 0.392130 0.036979 0.100000
2 0.612891 0.461111 0.049740 0.117593
2 0.673698 0.461806 0.048438 0.114352
2 0.563672 0.558796 0.088802 0.125926
2 0.658203 0.560648 0.068490 0.146296
2 0.753255 0.551852 0.068490 0.148148
2 0.850000 0.559259 0.073438 0.134259
2 0.604297 0.705787 0.067448 0.163426
2 0.723437 0.708565 0.075000 0.154167
2 0.839193 0.693287 0.073698 0.157870
2 0.924740 0.684954 0.059375 0.140278
2 0.911589 0.479630 0.058073 0.102778
2 0.957812 0.480556 0.048438 0.101852
2 0.844401 0.412731 0.051823 0.085648
