3 0.232813 0.314352 0.037500 0.087963
4 0.289193 0.360417 0.045573 0.109722
4 0.203516 0.434259 0.058073 0.126852
2 0.311198 0.446065 0.058333 0.110648
3 0.205208 0.555093 0.060937 0.142593
2 0.283203 0.545602 0.072656 0.155093
4 0.162109 0.705093 0.097135 0.178704
2 0.282161 0.732176 0.095052 0.183796
2 0.476302 0.380787 0.034375 0.086574
3 0.535677 0.384954 0.040625 0.101389
5 0.633984 0.366435 0.049219 0.138426
4 0.692187 0.396528 0.045833 0.093981
3 0.492969 0.460185 0.067708 0.098148
4 0.601693 0.460648 0.069010 0.112963
4 0.562500 0.552083 0.064583 0.151389
4 0.670052 0.457870 0.061979 0.117593
4 0.754948 0.466898 0.054688 0.100463
1 0.652995 0.570370 0.075260 0.134259
2 0.751693 0.559491 0.060156 0.138426
4 0.839193 0.565509 0.072135 0.132870
4 0.602474 0.706481 0.080469 0.178704
1 0.715625 0.706019 0.077604 0.162037
2 0.844141 0.708565 0.075781 0.136574
4 0.944661 0.693750 0.079427 0.151389
4 0.843099 0.409954 0.038802 0.090278
3 0.908984 0.475231 0.063281 0.123611
1 0.965365 0.486343 0.045833 0.094907
