0 0.207813 0.288194 0.056250 0.088889
0 0.161719 0.337847 0.051562 0.088194
1 0.122266 0.395833 0.060937 0.098611
1 0.068164 0.468056 0.065234 0.120833
1 0.193164 0.462847 0.094922 0.110417
1 0.033008 0.573264 0.066016 0.134028
1 0.143164 0.580208 0.094922 0.121528
3 0.484180 0.298611 0.047266 0.070833
0 0.527930 0.343750 0.068359 0.090278
1 0.504883 0.469444 0.075391 0.134722
3 0.410938 0.575694 0.084375 0.147222
1 0.527344 0.574653 0.073438 0.143750
1 0.854688 0.403819 0.064844 0.114583
1 0.788281 0.483333 0.083594 0.127778
0 0.908008 0.494792 0.090234 0.092361
0 0.851172 0.588194 0.109375 0.151389
0 0.960938 0.581944 0.072656 0.120833
1 0.415625 0.471875 0.089063 0.117361
