1 0.230208 0.313194 0.044792 0.078241
1 0.206641 0.433796 0.078906 0.120370
2 0.292057 0.357176 0.039323 0.093981
4 0.312370 0.439352 0.052865 0.135185
4 0.209115 0.557639 0.069792 0.134722
3 0.209115 0.557639 0.069792 0.134722
2 0.287891 0.547917 0.077865 0.155093
2 0.157161 0.740509 0.092969 0.214352
1 0.299349 0.753704 0.120052 0.204630
2 0.460677 0.325926 0.033333 0.078704
2 0.480599 0.392824 0.039844 0.082870
2 0.552604 0.387269 0.046875 0.100463
2 0.497396 0.466667 0.079167 0.112963
2 0.560417 0.575000 0.063021 0.133333
1 0.632161 0.402315 0.035156 0.092593
2 0.692448 0.405093 0.046875 0.094444
2 0.610417 0.473148 0.056771 0.113889
2 0.676302 0.467361 0.059375 0.114352
2 0.659896 0.571065 0.072396 0.124537
2 0.755078 0.553009 0.065365 0.140278
1 0.844271 0.546759 0.080729 0.150926
2 0.596354 0.697917 0.082292 0.174537
2 0.712630 0.704167 0.078385 0.162037
2 0.859375 0.695833 0.078646 0.167593
2 0.940625 0.702778 0.083333 0.126852
2 0.959115 0.479167 0.046354 0.085185
1 0.902214 0.482176 0.058594 0.097685
1 0.856771 0.418056 0.054167 0.084259
