2 0.235807 0.312269 0.046094 0.078241
3 0.202474 0.430093 0.075781 0.115741
2 0.288411 0.364815 0.049219 0.101852
4 0.309245 0.450463 0.060156 0.129630
4 0.287630 0.548148 0.067448 0.155556
2 0.214193 0.552546 0.064844 0.142130
2 0.302995 0.745602 0.087240 0.168056
2 0.457813 0.327546 0.038542 0.082870
2 0.479557 0.390741 0.037240 0.114815
2 0.540495 0.393519 0.049219 0.107407
2 0.499870 0.464120 0.055990 0.108796
2 0.567969 0.574074 0.065625 0.111111
2 0.636198 0.394907 0.045312 0.094444
2 0.694661 0.397222 0.038802 0.095370
2 0.607422 0.468981 0.047135 0.114815
2 0.680990 0.466435 0.055208 0.116204
2 0.652865 0.560417 0.067187 0.139352
2 0.757292 0.560417 0.066667 0.132870
2 0.716536 0.695370 0.064844 0.193519
1 0.608594 0.702083 0.076042 0.183796
1 0.844661 0.700000 0.071615 0.172222
2 0.938411 0.693287 0.066406 0.136574
2 0.847786 0.553472 0.077344 0.136574
2 0.847917 0.404861 0.041667 0.112500
2 0.960286 0.480556 0.042448 0.089815
