2 0.144531 0.470486 0.054688 0.118750
2 0.039648 0.540278 0.078516 0.161111
2 0.251367 0.575000 0.076172 0.187500
2 0.190039 0.521528 0.061328 0.151389
3 0.117773 0.698611 0.087109 0.236111
2 0.319531 0.678819 0.080469 0.218750
3 0.210352 0.831250 0.169141 0.300000
3 0.423828 0.830208 0.151562 0.243750
2 0.406836 0.463542 0.057422 0.103472
2 0.501367 0.439583 0.055078 0.118056
2 0.463672 0.510069 0.076563 0.132639
2 0.598242 0.476736 0.062891 0.125694
2 0.555859 0.529514 0.096875 0.186806
2 0.777734 0.462153 0.067187 0.120139
2 0.909961 0.503472 0.091016 0.159722
3 0.835352 0.736458 0.143359 0.257639
