2 0.102930 0.320833 0.083984 0.100000
2 0.056836 0.518750 0.101953 0.205556
2 0.161133 0.652778 0.132422 0.231944
2 0.102539 0.845833 0.194922 0.306944
3 0.292383 0.834375 0.133203 0.286806
2 0.207227 0.332639 0.063672 0.097222
2 0.261914 0.382639 0.074609 0.170833
2 0.530469 0.518750 0.107813 0.240278
2 0.641992 0.518056 0.056641 0.188889
2 0.716016 0.665972 0.136719 0.302778
2 0.873242 0.612153 0.108984 0.278472
3 0.950977 0.420139 0.087891 0.176389
3 0.850586 0.429514 0.087109 0.188194
2 0.782422 0.360417 0.059375 0.175000
2 0.704492 0.370833 0.070703 0.175000
2 0.650781 0.313542 0.043750 0.132639
5 0.576953 0.298264 0.068750 0.200694
