2 0.292318 0.365741 0.041927 0.101852
2 0.310156 0.449074 0.056771 0.123148
2 0.204948 0.553241 0.068750 0.134259
1 0.286068 0.554630 0.083594 0.151852
2 0.158333 0.740741 0.107292 0.219444
1 0.302995 0.743287 0.109635 0.199537
2 0.461979 0.328241 0.031250 0.085185
2 0.481120 0.389120 0.035677 0.091204
2 0.546615 0.391204 0.047396 0.099074
2 0.500521 0.465972 0.072396 0.118056
2 0.558594 0.574306 0.066667 0.131944
1 0.630990 0.403009 0.037500 0.085648
2 0.693880 0.405556 0.043490 0.090741
2 0.610417 0.475000 0.061458 0.130556
1 0.671615 0.469676 0.065104 0.123611
2 0.655339 0.571991 0.092448 0.118981
2 0.754818 0.555787 0.069010 0.139352
1 0.840365 0.550694 0.082292 0.143056
1 0.601693 0.702546 0.073698 0.170833
2 0.716016 0.718519 0.099219 0.163889
4 0.830208 0.689352 0.127083 0.166667
1 0.941797 0.699769 0.071615 0.145833
2 0.959115 0.476620 0.048438 0.079167
2 0.901302 0.484722 0.064583 0.100000
2 0.853776 0.411343 0.052344 0.092130
