1 0.294336 0.283333 0.063672 0.080556
1 0.214258 0.287153 0.066016 0.081250
0 0.169531 0.347569 0.059375 0.072917
0 0.253906 0.341667 0.065625 0.070833
1 0.235937 0.402778 0.078125 0.093056
1 0.194727 0.476042 0.094141 0.103472
1 0.116992 0.397569 0.053516 0.096528
1 0.389062 0.576736 0.104688 0.153472
1 0.538281 0.576042 0.120313 0.143750
1 0.407617 0.481250 0.101172 0.097222
0 0.517969 0.482292 0.103906 0.115972
3 0.776367 0.470139 0.066016 0.105556
3 0.901758 0.476042 0.071484 0.121528
3 0.846875 0.578472 0.117188 0.129167
1 0.953320 0.565625 0.088672 0.139583
