2 0.227734 0.255208 0.032031 0.070139
2 0.207813 0.289931 0.051562 0.082639
2 0.292969 0.290972 0.034375 0.068056
2 0.255859 0.327778 0.049219 0.097222
2 0.165625 0.331944 0.060937 0.086111
3 0.130078 0.399653 0.049219 0.089583
3 0.229297 0.393056 0.067969 0.098611
1 0.075000 0.463194 0.070312 0.120833
3 0.030859 0.563542 0.061719 0.136806
1 0.178125 0.478125 0.066406 0.125694
1 0.142578 0.557986 0.097656 0.140972
3 0.430469 0.333681 0.040625 0.084028
1 0.419922 0.404167 0.058594 0.100000
2 0.409766 0.474653 0.067187 0.099306
1 0.396484 0.572569 0.085938 0.129861
3 0.514453 0.335764 0.054688 0.084028
3 0.513477 0.402083 0.052734 0.088889
3 0.545508 0.462847 0.062109 0.110417
2 0.523828 0.569792 0.086719 0.161806
1 0.751367 0.404514 0.048047 0.090972
2 0.838672 0.392014 0.052344 0.102083
1 0.784961 0.477778 0.077734 0.102778
1 0.892969 0.474306 0.061719 0.122222
3 0.854297 0.578125 0.078125 0.125694
3 0.953906 0.565972 0.081250 0.148611
