2 0.293620 0.362037 0.058594 0.110185
2 0.196224 0.429630 0.058073 0.122222
2 0.306380 0.443750 0.065365 0.135648
2 0.203646 0.556019 0.070833 0.138889
3 0.279036 0.552315 0.067969 0.152778
2 0.167187 0.710880 0.121354 0.167130
3 0.293750 0.733102 0.088542 0.171759
2 0.461198 0.321759 0.033854 0.090741
2 0.477865 0.387963 0.034375 0.101852
2 0.537500 0.387500 0.038542 0.095370
2 0.501302 0.463426 0.054688 0.118519
2 0.632943 0.393287 0.044531 0.100463
2 0.693880 0.402083 0.039844 0.089352
2 0.611328 0.466667 0.062760 0.111111
2 0.677604 0.463657 0.054688 0.112500
2 0.575130 0.557176 0.074740 0.142130
2 0.657292 0.560185 0.069792 0.133333
2 0.758333 0.469444 0.057292 0.103704
2 0.747526 0.565046 0.067448 0.124537
2 0.846354 0.562963 0.068229 0.134259
2 0.611458 0.703009 0.080208 0.179167
2 0.715625 0.705556 0.072396 0.167593
2 0.841406 0.700694 0.077083 0.164352
1 0.942448 0.685880 0.073958 0.156944
2 0.960547 0.485648 0.051823 0.087037
2 0.899870 0.478009 0.057031 0.103241
