2 0.150586 0.414931 0.027734 0.086806
2 0.176367 0.436806 0.033984 0.094444
2 0.120898 0.497917 0.031641 0.108333
2 0.214258 0.483681 0.048047 0.102083
1 0.148242 0.554861 0.043359 0.125000
2 0.254297 0.535764 0.052344 0.104861
2 0.193359 0.624653 0.082812 0.195139
2 0.312891 0.615278 0.072656 0.126389
2 0.281250 0.775694 0.130469 0.238889
2 0.401758 0.743056 0.103516 0.166667
2 0.295898 0.402431 0.030859 0.063194
2 0.328906 0.428819 0.042969 0.070139
2 0.353516 0.382639 0.033594 0.077778
2 0.386523 0.445486 0.050391 0.103472
2 0.452539 0.500694 0.055078 0.106944
2 0.546680 0.550694 0.051172 0.150000
2 0.622656 0.548611 0.041406 0.106944
2 0.674609 0.637500 0.084375 0.202778
2 0.771289 0.596875 0.069141 0.172917
2 0.514453 0.406250 0.039062 0.077778
2 0.578516 0.412153 0.039844 0.100694
2 0.631445 0.417014 0.030078 0.074306
2 0.662695 0.455208 0.050391 0.093750
2 0.712891 0.436806 0.042969 0.106944
2 0.756250 0.489931 0.049219 0.088194
2 0.808594 0.480556 0.047656 0.112500
2 0.890625 0.551736 0.063281 0.154861
2 0.953906 0.522222 0.064844 0.120833
