1 0.231055 0.253125 0.032422 0.070139
2 0.211523 0.288542 0.049609 0.086806
2 0.293359 0.290625 0.040625 0.082639
2 0.261133 0.326389 0.056641 0.098611
2 0.171875 0.338194 0.053125 0.083333
2 0.131250 0.404861 0.050781 0.080556
2 0.230664 0.396875 0.065234 0.095139
1 0.184766 0.465278 0.073438 0.097222
2 0.141016 0.571875 0.071094 0.139583
1 0.086133 0.458681 0.059766 0.121528
2 0.438867 0.334028 0.049609 0.077778
2 0.421875 0.401389 0.047656 0.094444
2 0.408984 0.474653 0.066406 0.099306
2 0.388867 0.581597 0.074609 0.117361
2 0.519727 0.564931 0.082422 0.142361
2 0.523047 0.457292 0.073438 0.107639
1 0.746094 0.407986 0.042969 0.082639
1 0.845313 0.394097 0.050000 0.095139
2 0.780273 0.470833 0.055859 0.100000
2 0.892383 0.473611 0.065234 0.125000
1 0.850391 0.582292 0.074219 0.121528
1 0.951758 0.568403 0.074609 0.147917
