2 0.236328 0.311574 0.047135 0.092593
2 0.285807 0.361343 0.044010 0.103241
2 0.197266 0.427083 0.058073 0.121759
2 0.303516 0.440046 0.060677 0.123611
2 0.202083 0.548380 0.068750 0.156019
3 0.281120 0.537963 0.065885 0.162963
2 0.169531 0.708102 0.088021 0.168981
2 0.303776 0.729630 0.085677 0.182407
2 0.455729 0.318519 0.030729 0.102778
2 0.478255 0.377315 0.035677 0.101852
1 0.536328 0.386111 0.039323 0.085185
2 0.497917 0.462500 0.055729 0.115741
2 0.568359 0.555787 0.056510 0.131019
2 0.638151 0.389583 0.045573 0.101389
2 0.610677 0.470602 0.051562 0.102315
2 0.692969 0.388194 0.046354 0.099537
2 0.677604 0.464120 0.044792 0.114352
2 0.758203 0.464815 0.053385 0.111111
2 0.656120 0.553009 0.068490 0.144907
2 0.611849 0.704861 0.065365 0.174537
2 0.724870 0.715509 0.080990 0.164352
2 0.758724 0.563657 0.064844 0.142130
4 0.852734 0.554167 0.069531 0.171296
2 0.847526 0.694907 0.075260 0.161111
2 0.940495 0.684954 0.067448 0.145833
2 0.908854 0.479167 0.046354 0.100926
2 0.850391 0.405324 0.044010 0.105093
2 0.960807 0.478009 0.044010 0.098611
