1 0.173177 0.710880 0.103646 0.215278
1 0.211068 0.366898 0.065885 0.107870
1 0.304167 0.372454 0.077604 0.090278
1 0.299219 0.447917 0.078646 0.106019
1 0.214974 0.554398 0.068490 0.138426
1 0.292187 0.561574 0.061979 0.134259
3 0.294010 0.733565 0.090104 0.214352
1 0.474609 0.376157 0.048698 0.112500
1 0.500911 0.478009 0.072656 0.106944
2 0.547135 0.392593 0.058854 0.102778
2 0.636328 0.391898 0.048698 0.107870
2 0.617057 0.467824 0.062240 0.124537
1 0.563281 0.568981 0.067708 0.125926
1 0.603906 0.711343 0.078125 0.191204
1 0.666406 0.574074 0.075000 0.119444
1 0.687370 0.459259 0.052865 0.107407
2 0.758594 0.468981 0.056771 0.101852
1 0.757031 0.577083 0.072396 0.111574
1 0.713932 0.719676 0.101823 0.179167
3 0.840234 0.696528 0.076302 0.175463
1 0.948958 0.701389 0.081250 0.125000
2 0.963281 0.485185 0.052604 0.095370
3 0.839844 0.562037 0.069271 0.110185
3 0.906641 0.487731 0.054948 0.109722
