4 0.508008 0.572569 0.086328 0.157639
0 0.296289 0.292014 0.070703 0.060417
1 0.211133 0.278472 0.049609 0.076389
1 0.252539 0.329514 0.064453 0.097917
0 0.118164 0.398264 0.075391 0.109028
1 0.062305 0.472917 0.069141 0.143056
1 0.033398 0.571528 0.066797 0.126389
1 0.513477 0.256944 0.048047 0.072222
1 0.433594 0.339931 0.081250 0.060417
1 0.426758 0.402083 0.055078 0.095833
0 0.530469 0.348264 0.082031 0.064583
1 0.394336 0.485417 0.076172 0.115278
0 0.384766 0.590278 0.110937 0.138889
0 0.516992 0.474653 0.098828 0.117361
3 0.957031 0.575347 0.075781 0.121528
0 0.862891 0.588542 0.099219 0.125694
0 0.789844 0.477083 0.092969 0.109722
1 0.891992 0.471528 0.074609 0.118056
1 0.765039 0.398264 0.068359 0.081250
