2 0.309570 0.249306 0.028516 0.068056
3 0.228320 0.251736 0.032422 0.072917
2 0.213281 0.291667 0.048438 0.080556
2 0.294141 0.289931 0.038281 0.071528
2 0.258203 0.331597 0.048438 0.088194
2 0.171094 0.335069 0.054688 0.084028
2 0.232031 0.397917 0.065625 0.095833
1 0.128516 0.400347 0.056250 0.097917
1 0.070898 0.464583 0.066016 0.123611
3 0.035742 0.559375 0.071484 0.147917
1 0.183203 0.485417 0.067187 0.108333
2 0.148242 0.563194 0.077734 0.133333
2 0.442969 0.291667 0.032813 0.076389
2 0.419141 0.399306 0.059375 0.101389
2 0.408398 0.472917 0.065234 0.101389
1 0.393750 0.572222 0.085938 0.144444
1 0.516992 0.331597 0.051953 0.084028
1 0.526172 0.467361 0.071094 0.112500
3 0.851367 0.576389 0.082422 0.127778
2 0.953320 0.562500 0.088672 0.150000
1 0.892773 0.463194 0.061328 0.106944
2 0.840820 0.398611 0.058984 0.094444
