2 0.097461 0.530208 0.116016 0.217361
2 0.231641 0.518403 0.064062 0.200694
5 0.316602 0.327778 0.080859 0.233333
2 0.364063 0.421181 0.071875 0.164583
4 0.279687 0.620833 0.156250 0.293056
2 0.424219 0.759722 0.144531 0.334722
2 0.616797 0.748611 0.103125 0.245833
2 0.754883 0.837500 0.148047 0.323611
2 0.905469 0.858333 0.142969 0.280556
2 0.625977 0.455903 0.081641 0.164583
2 0.238477 0.370139 0.069922 0.141667
3 0.689648 0.545486 0.101953 0.211806
2 0.794531 0.504861 0.094531 0.233333
2 0.895312 0.621528 0.118750 0.233333
