4 0.051562 0.413542 0.096094 0.221528
2 0.126562 0.529167 0.081250 0.172222
4 0.210156 0.554861 0.103125 0.370833
4 0.126367 0.767361 0.236328 0.456944
4 0.336133 0.756944 0.127734 0.443056
2 0.231250 0.372917 0.064062 0.108333
4 0.283789 0.301042 0.047266 0.142361
4 0.337305 0.358333 0.069922 0.234722
4 0.445898 0.431250 0.074609 0.269444
2 0.573047 0.548611 0.110156 0.227778
2 0.691992 0.554861 0.056641 0.170833
4 0.773047 0.672222 0.152344 0.306944
4 0.918359 0.617708 0.118750 0.250694
4 0.967969 0.408681 0.064062 0.263194
4 0.880469 0.402778 0.112500 0.237500
4 0.754492 0.341667 0.072266 0.279167
4 0.696875 0.341319 0.046094 0.159028
4 0.593945 0.330903 0.114453 0.192361
4 0.502148 0.286111 0.083984 0.170833
