0 0.211133 0.293056 0.057422 0.083333
2 0.301758 0.292014 0.037109 0.070139
3 0.166992 0.334722 0.050391 0.093056
3 0.255273 0.337500 0.046484 0.090278
1 0.134375 0.390625 0.054688 0.117361
1 0.231250 0.400694 0.063281 0.106944
1 0.079102 0.470139 0.067578 0.118056
1 0.189453 0.470833 0.065625 0.101389
1 0.138477 0.561458 0.076172 0.128472
1 0.029102 0.592014 0.058203 0.143750
1 0.438086 0.328472 0.036328 0.086111
2 0.431641 0.396528 0.050000 0.088889
2 0.414453 0.478819 0.054688 0.099306
3 0.513867 0.407292 0.047266 0.096528
1 0.531055 0.576042 0.080078 0.145139
2 0.493555 0.289931 0.037891 0.077083
1 0.754297 0.402083 0.050781 0.087500
2 0.844922 0.398264 0.060937 0.104861
1 0.784375 0.478819 0.058594 0.097917
1 0.895898 0.476042 0.066797 0.099306
3 0.852148 0.567361 0.079297 0.133333
3 0.962695 0.567361 0.074609 0.144444
