2 0.233724 0.315741 0.044010 0.087963
4 0.290625 0.357407 0.048438 0.111111
2 0.198437 0.431713 0.062500 0.119907
2 0.302734 0.443056 0.061719 0.122222
2 0.204818 0.540278 0.079948 0.138889
4 0.282031 0.549074 0.070312 0.141667
3 0.152214 0.703472 0.099219 0.166204
4 0.461589 0.320370 0.038281 0.090741
4 0.523698 0.327778 0.028646 0.086111
4 0.541016 0.387963 0.045573 0.101852
2 0.478646 0.390972 0.042188 0.088426
2 0.497396 0.465046 0.057292 0.103241
2 0.607812 0.465972 0.050000 0.097685
2 0.634635 0.386111 0.039583 0.099074
2 0.696745 0.392824 0.039844 0.106944
2 0.677474 0.461806 0.050781 0.124537
2 0.563411 0.567361 0.067969 0.130093
2 0.658594 0.559491 0.073438 0.149537
4 0.755599 0.557176 0.071615 0.161574
3 0.605078 0.702083 0.073698 0.160648
3 0.721484 0.704861 0.073177 0.165278
3 0.837500 0.690509 0.082292 0.160648
2 0.924870 0.678472 0.060156 0.144907
2 0.848828 0.557639 0.069531 0.131019
2 0.965234 0.483565 0.040885 0.106944
2 0.909635 0.475694 0.062500 0.107870
4 0.841276 0.401389 0.053906 0.107407
