0 0.214062 0.296528 0.055469 0.084722
0 0.295508 0.295486 0.062891 0.070139
0 0.171875 0.354167 0.070312 0.080556
2 0.127930 0.398611 0.056641 0.104167
1 0.257227 0.330556 0.062109 0.093056
0 0.231055 0.407986 0.058203 0.113194
0 0.074805 0.496181 0.082422 0.103472
3 0.196680 0.459375 0.087891 0.125694
1 0.130859 0.562153 0.074219 0.134028
0 0.489258 0.298264 0.041016 0.079861
3 0.427344 0.402083 0.079687 0.102778
1 0.520703 0.402431 0.053906 0.090972
0 0.420898 0.493056 0.070703 0.100000
0 0.518555 0.489931 0.105859 0.103472
3 0.398047 0.586806 0.082031 0.118056
1 0.533203 0.578125 0.082031 0.115972
0 0.758398 0.412847 0.065234 0.078472
0 0.849219 0.424306 0.081250 0.070833
0 0.792188 0.488194 0.095312 0.113889
0 0.908008 0.494097 0.073828 0.129861
1 0.849414 0.576389 0.100391 0.125000
0 0.968750 0.597222 0.062500 0.126389
