0 0.296875 0.293750 0.062500 0.072222
0 0.216016 0.289236 0.057031 0.075694
0 0.175977 0.347917 0.069922 0.081944
0 0.257812 0.345833 0.068750 0.080556
0 0.128711 0.410764 0.076172 0.078472
0 0.235742 0.414236 0.073047 0.092361
0 0.061719 0.482292 0.086719 0.102083
1 0.191602 0.469097 0.080078 0.114583
0 0.152734 0.588542 0.103125 0.107639
0 0.433594 0.288889 0.068750 0.066667
0 0.437695 0.339931 0.071484 0.067361
0 0.409961 0.481250 0.092578 0.113889
0 0.405664 0.594792 0.086328 0.114583
0 0.508789 0.331944 0.080859 0.083333
0 0.512891 0.577431 0.112500 0.174306
0 0.853516 0.413194 0.078125 0.077778
3 0.781055 0.478125 0.066016 0.099306
0 0.903711 0.491319 0.091016 0.102083
0 0.860156 0.589583 0.105469 0.122222
0 0.960156 0.578819 0.079687 0.127083
