0 0.296875 0.298611 0.062500 0.072222
1 0.213477 0.287500 0.056641 0.075000
0 0.170117 0.352778 0.061328 0.066667
3 0.253711 0.334722 0.051953 0.081944
0 0.231055 0.405208 0.083203 0.104861
2 0.130859 0.387847 0.054688 0.106250
2 0.079492 0.468056 0.055859 0.111111
1 0.026953 0.580556 0.053906 0.141667
1 0.131250 0.571528 0.085156 0.100000
1 0.188672 0.470486 0.071094 0.109028
1 0.420312 0.401736 0.090625 0.093750
1 0.420117 0.493403 0.079297 0.078472
1 0.405664 0.579514 0.091016 0.118750
1 0.533594 0.572917 0.085156 0.134722
0 0.525781 0.492014 0.088281 0.106250
3 0.514062 0.410764 0.068750 0.075694
1 0.748828 0.403819 0.045312 0.086806
2 0.842969 0.394792 0.055469 0.095139
2 0.782813 0.468750 0.059375 0.097222
2 0.897070 0.471528 0.046484 0.109722
1 0.852734 0.567708 0.077344 0.152083
