2 0.241927 0.311343 0.043750 0.078241
2 0.290234 0.356481 0.046615 0.112037
2 0.308594 0.443981 0.058854 0.118519
3 0.209896 0.548380 0.085417 0.157870
1 0.291927 0.546065 0.073958 0.162500
3 0.148047 0.689815 0.091406 0.184259
3 0.306250 0.716667 0.091146 0.187037
2 0.466146 0.321759 0.029167 0.091667
2 0.527995 0.328935 0.038802 0.076389
2 0.476172 0.384722 0.029427 0.096296
1 0.546354 0.399074 0.033854 0.070370
2 0.493750 0.456481 0.054688 0.100926
3 0.563411 0.556944 0.056510 0.130556
2 0.609635 0.704398 0.069792 0.150463
2 0.654167 0.563426 0.057292 0.130556
2 0.602214 0.458333 0.050260 0.108333
2 0.639714 0.391204 0.036719 0.092593
3 0.692969 0.394676 0.042188 0.082870
2 0.681250 0.466204 0.052604 0.106481
3 0.765365 0.478241 0.043229 0.093519
2 0.748568 0.561343 0.061198 0.136574
3 0.712240 0.723611 0.070833 0.151852
3 0.845052 0.692824 0.077083 0.162500
2 0.945443 0.688889 0.070573 0.138889
3 0.846745 0.561806 0.074740 0.124537
2 0.842969 0.407407 0.038021 0.100926
2 0.899609 0.468981 0.059115 0.113889
2 0.960807 0.484259 0.041406 0.099074
