2 0.212891 0.287847 0.046094 0.081250
2 0.170117 0.332986 0.047266 0.078472
2 0.129883 0.400347 0.052734 0.075694
2 0.081055 0.460417 0.058984 0.116667
3 0.025781 0.577778 0.046875 0.112500
1 0.190234 0.467014 0.074219 0.102083
2 0.140820 0.554514 0.080859 0.140972
2 0.232227 0.396528 0.068359 0.102778
1 0.261914 0.327431 0.052734 0.086806
2 0.294141 0.283681 0.031250 0.067361
1 0.387109 0.575000 0.076563 0.108333
2 0.407813 0.472569 0.067187 0.097917
2 0.414844 0.397222 0.055469 0.083333
1 0.433789 0.335417 0.043359 0.068056
1 0.488867 0.287847 0.044141 0.061806
3 0.525586 0.467708 0.067578 0.117361
1 0.519336 0.572222 0.076172 0.145833
1 0.749219 0.410764 0.042969 0.078472
1 0.844141 0.399653 0.061719 0.088194
1 0.775586 0.483333 0.058984 0.100000
2 0.894336 0.469444 0.053516 0.112500
1 0.856055 0.572569 0.075391 0.122917
1 0.957812 0.570139 0.079687 0.145833
