4 0.175977 0.658681 0.119141 0.382639
3 0.057227 0.590625 0.104297 0.227083
2 0.035352 0.312500 0.041016 0.086111
2 0.086719 0.334722 0.056250 0.115278
2 0.156055 0.359028 0.070703 0.147222
2 0.233789 0.445139 0.065234 0.120833
2 0.250977 0.341319 0.056641 0.104861
2 0.189844 0.313542 0.050781 0.097917
3 0.688672 0.542361 0.095312 0.234722
3 0.846289 0.481250 0.087891 0.176389
3 0.948438 0.432639 0.096875 0.176389
2 0.764062 0.369792 0.071094 0.152083
2 0.671680 0.394792 0.075391 0.127083
2 0.612109 0.329514 0.057813 0.142361
3 0.489453 0.311806 0.039844 0.106944
2 0.541211 0.345486 0.081641 0.149306
2 0.251367 0.255556 0.048828 0.090278
2 0.437305 0.308333 0.045703 0.126389
