2 0.232813 0.313194 0.043750 0.084722
2 0.288542 0.368981 0.050521 0.104630
2 0.203255 0.432639 0.059115 0.125463
2 0.308594 0.446528 0.067708 0.100463
2 0.199740 0.560185 0.085417 0.154630
2 0.281901 0.555556 0.055469 0.155556
2 0.152604 0.731481 0.125000 0.187963
2 0.296224 0.737963 0.084115 0.178704
2 0.461198 0.320833 0.033854 0.082407
2 0.477995 0.386111 0.034115 0.100000
2 0.496615 0.458102 0.057292 0.117130
2 0.539844 0.388426 0.045833 0.096296
1 0.567187 0.554861 0.092708 0.133796
2 0.633333 0.387037 0.041146 0.106481
2 0.610938 0.461574 0.048438 0.117593
2 0.670182 0.459028 0.051823 0.116204
2 0.692969 0.404398 0.044271 0.085648
2 0.659245 0.559722 0.077344 0.144444
2 0.750260 0.554861 0.065104 0.142130
2 0.615495 0.708565 0.073698 0.179167
2 0.716667 0.715972 0.068750 0.150463
2 0.840755 0.694213 0.080469 0.159722
2 0.943620 0.687500 0.066406 0.150926
2 0.842708 0.556250 0.076042 0.120833
2 0.956901 0.472685 0.044531 0.097222
2 0.902734 0.469444 0.047135 0.109259
2 0.840234 0.412500 0.050260 0.090741
