2 0.154883 0.410417 0.029297 0.080556
2 0.176953 0.436111 0.040625 0.077778
2 0.097070 0.456944 0.038672 0.100000
2 0.125977 0.495486 0.054297 0.122917
2 0.215430 0.482986 0.051953 0.100694
3 0.263086 0.528125 0.055078 0.142361
4 0.201172 0.629167 0.078125 0.225000
3 0.317969 0.595139 0.055469 0.173611
2 0.279102 0.764931 0.119141 0.256250
4 0.393750 0.690625 0.082031 0.292361
4 0.304297 0.380903 0.021094 0.110417
2 0.327539 0.426736 0.040234 0.065972
2 0.356250 0.386806 0.028125 0.066667
2 0.390430 0.448611 0.048828 0.105556
2 0.468164 0.486111 0.069141 0.136111
2 0.547266 0.540625 0.062500 0.172917
2 0.629492 0.549306 0.039453 0.115278
2 0.677344 0.629167 0.078906 0.193056
2 0.772070 0.602083 0.066016 0.177778
4 0.502148 0.372222 0.054297 0.113889
2 0.579883 0.411806 0.040234 0.091667
3 0.634375 0.407986 0.028906 0.088194
3 0.665820 0.440625 0.046484 0.110417
2 0.712500 0.434722 0.031250 0.102778
3 0.820703 0.476736 0.047656 0.114583
3 0.898633 0.544097 0.066016 0.145139
3 0.960938 0.526389 0.054688 0.122222
