2 0.234245 0.314120 0.051823 0.088426
2 0.203906 0.363889 0.046875 0.093519
2 0.201432 0.435417 0.067448 0.109722
2 0.287760 0.359028 0.046875 0.103241
2 0.307292 0.450694 0.055729 0.118056
1 0.205599 0.546065 0.063281 0.139352
1 0.278646 0.551157 0.066146 0.144907
3 0.170703 0.705324 0.092969 0.166204
2 0.455208 0.327778 0.027604 0.093519
2 0.521615 0.335185 0.028125 0.084259
2 0.475391 0.387037 0.036198 0.115741
2 0.538021 0.388194 0.039062 0.092130
2 0.499479 0.470139 0.058333 0.113426
2 0.635547 0.394213 0.041406 0.109722
2 0.692187 0.395833 0.043750 0.089815
2 0.611328 0.466204 0.053906 0.103704
2 0.681641 0.461574 0.052344 0.125926
2 0.568229 0.564583 0.073438 0.120833
2 0.651042 0.561111 0.064062 0.141667
2 0.753516 0.562037 0.069531 0.143519
2 0.756250 0.451389 0.056250 0.108333
2 0.605469 0.705324 0.070833 0.173611
2 0.712370 0.684954 0.074740 0.191204
2 0.842969 0.694907 0.072396 0.175000
2 0.852474 0.555324 0.068490 0.131944
2 0.932813 0.689352 0.079687 0.141667
2 0.957161 0.481250 0.044531 0.081019
2 0.849089 0.404167 0.041927 0.099074
2 0.905859 0.420833 0.039844 0.073148
