4 0.038281 0.354167 0.054688 0.130556
2 0.082617 0.401042 0.062109 0.149306
1 0.043945 0.599653 0.083203 0.204861
2 0.137500 0.485069 0.092188 0.185417
1 0.108398 0.763194 0.192578 0.313889
2 0.235937 0.571181 0.100000 0.207639
2 0.348047 0.725000 0.182031 0.251389
2 0.283398 0.351389 0.056641 0.109722
2 0.363672 0.382292 0.075781 0.128472
2 0.456250 0.429167 0.062500 0.188889
2 0.734375 0.611458 0.107031 0.292361
2 0.874219 0.616667 0.092188 0.198611
2 0.804102 0.380208 0.072266 0.152083
1 0.676172 0.334028 0.089844 0.144444
2 0.900195 0.371528 0.054297 0.161111
3 0.956055 0.430556 0.083984 0.200000
