2 0.092188 0.458681 0.040625 0.095139
2 0.127539 0.496875 0.051172 0.106250
2 0.211523 0.475000 0.045703 0.122222
2 0.182227 0.444444 0.033984 0.093056
2 0.257617 0.536111 0.069141 0.102778
3 0.174414 0.644444 0.106641 0.179167
2 0.327148 0.611458 0.067578 0.139583
3 0.258594 0.761458 0.117188 0.235417
2 0.401172 0.736111 0.082031 0.187500
2 0.292773 0.404861 0.040234 0.062500
2 0.355078 0.388889 0.032031 0.065278
2 0.334570 0.423264 0.042578 0.072917
5 0.394922 0.422569 0.051562 0.139583
2 0.455859 0.435417 0.034375 0.090278
4 0.475195 0.483333 0.058203 0.136111
2 0.546094 0.544444 0.070312 0.154167
2 0.633203 0.552778 0.048438 0.101389
4 0.710938 0.618056 0.092188 0.201389
3 0.781445 0.600347 0.063672 0.150694
3 0.960156 0.525347 0.073438 0.134028
2 0.890234 0.546528 0.061719 0.154167
3 0.823047 0.483681 0.044531 0.109028
1 0.669727 0.455903 0.045703 0.104861
2 0.582031 0.420833 0.036719 0.083333
3 0.629102 0.416319 0.040234 0.074306
2 0.515039 0.399653 0.035547 0.070139
4 0.483789 0.336111 0.034766 0.136111
