2 0.045312 0.512847 0.090625 0.178472
3 0.136523 0.659375 0.117578 0.259028
2 0.083398 0.845486 0.157422 0.297917
2 0.175000 0.345486 0.053125 0.120139
2 0.238672 0.380903 0.075000 0.171528
2 0.617383 0.522917 0.057422 0.200000
2 0.696875 0.656597 0.151562 0.309028
2 0.847852 0.608333 0.111328 0.290278
2 0.920508 0.409375 0.088672 0.181250
2 0.822656 0.431944 0.094531 0.200000
2 0.746875 0.361806 0.064062 0.177778
2 0.669727 0.380556 0.084766 0.150000
2 0.617578 0.318750 0.052344 0.129167
5 0.541211 0.301736 0.076172 0.210417
