1 0.230339 0.311111 0.041406 0.084259
2 0.208203 0.356481 0.058073 0.110185
2 0.291406 0.361574 0.051042 0.109259
2 0.211458 0.443519 0.085938 0.118519
2 0.311589 0.437037 0.050781 0.135185
2 0.209115 0.558565 0.064062 0.141204
1 0.289453 0.545139 0.086198 0.160648
1 0.310677 0.731481 0.077083 0.185185
2 0.460807 0.323148 0.039844 0.091667
2 0.524479 0.335648 0.031250 0.086111
2 0.481120 0.388657 0.035677 0.088426
2 0.543359 0.387037 0.041927 0.096296
2 0.497526 0.469213 0.080990 0.109722
2 0.558984 0.572222 0.063281 0.123148
1 0.592187 0.466667 0.080208 0.101852
2 0.694661 0.406944 0.044010 0.087963
2 0.664974 0.466435 0.070573 0.123611
2 0.661198 0.566898 0.096354 0.131019
2 0.755599 0.549537 0.069010 0.155556
2 0.849870 0.554167 0.070573 0.152778
2 0.600651 0.701852 0.067448 0.174074
3 0.719271 0.724074 0.079687 0.157407
0 0.858984 0.717824 0.096094 0.156019
2 0.951562 0.690741 0.068229 0.154630
2 0.962109 0.485880 0.038281 0.088426
2 0.853516 0.416204 0.051823 0.074074
2 0.906380 0.421991 0.039844 0.078241
