3 0.040820 0.539583 0.079297 0.150000
2 0.146289 0.469444 0.054297 0.129167
2 0.199805 0.512847 0.056641 0.165972
2 0.250586 0.587153 0.082422 0.197917
3 0.117383 0.700347 0.087891 0.243750
2 0.327539 0.680208 0.093359 0.200694
3 0.204883 0.842361 0.170703 0.298611
3 0.429297 0.822222 0.125000 0.250000
2 0.497461 0.435764 0.054297 0.113194
2 0.463867 0.506597 0.077734 0.114583
2 0.550195 0.531944 0.084766 0.194444
1 0.591406 0.484028 0.056250 0.119444
3 0.982031 0.497917 0.035937 0.148611
3 0.904297 0.507986 0.091406 0.154861
2 0.784375 0.469097 0.070312 0.121528
