2 0.238411 0.310185 0.041406 0.094444
4 0.288411 0.362731 0.043490 0.106944
4 0.195312 0.430324 0.059375 0.117130
4 0.308203 0.437500 0.067969 0.133333
4 0.216016 0.553704 0.060156 0.152778
4 0.283464 0.550694 0.065365 0.158796
4 0.164583 0.704630 0.093750 0.202778
2 0.295052 0.719444 0.084896 0.201852
4 0.460677 0.323380 0.032292 0.087500
4 0.519141 0.328241 0.030990 0.087037
2 0.477344 0.385185 0.036979 0.103704
4 0.535286 0.384259 0.047656 0.107407
4 0.502604 0.460417 0.056250 0.118056
2 0.563281 0.569213 0.056250 0.139352
4 0.607943 0.451852 0.058073 0.129630
1 0.637891 0.390046 0.027865 0.099537
4 0.694401 0.389583 0.041406 0.106019
4 0.672005 0.460880 0.058073 0.122685
4 0.754297 0.459722 0.053385 0.106481
4 0.835677 0.403009 0.041146 0.102315
4 0.903646 0.417824 0.027604 0.086574
4 0.755729 0.559954 0.072396 0.150463
4 0.659375 0.564120 0.069271 0.142130
4 0.610938 0.697222 0.077604 0.208333
4 0.713151 0.700000 0.073698 0.172222
4 0.861979 0.700463 0.076563 0.167593
4 0.951172 0.683565 0.067969 0.154167
5 0.858073 0.517593 0.082812 0.179630
