2 0.236068 0.314583 0.039844 0.085648
2 0.286979 0.368287 0.042708 0.100463
5 0.185677 0.529398 0.073438 0.208796
3 0.287891 0.549074 0.064844 0.149074
3 0.162370 0.707639 0.072135 0.162500
3 0.299740 0.729630 0.089063 0.202778
2 0.459375 0.326620 0.031771 0.080093
2 0.523177 0.332407 0.034896 0.087963
2 0.478125 0.384028 0.043229 0.092130
2 0.501302 0.467824 0.048438 0.095833
2 0.540365 0.396296 0.040104 0.088889
1 0.635026 0.397685 0.044010 0.089815
2 0.690885 0.397917 0.048438 0.089352
2 0.610547 0.465741 0.057552 0.098148
2 0.680729 0.474769 0.050000 0.105093
3 0.572266 0.566435 0.064323 0.120833
3 0.658724 0.562269 0.066927 0.131944
4 0.755339 0.556250 0.067448 0.141204
3 0.610547 0.703704 0.066406 0.166667
3 0.720964 0.717361 0.070052 0.157870
3 0.842969 0.691204 0.075521 0.152778
4 0.840495 0.548380 0.075260 0.131944
2 0.936198 0.696528 0.068750 0.133796
2 0.960938 0.478009 0.043229 0.100463
2 0.906510 0.477083 0.052083 0.104167
2 0.842708 0.412731 0.050521 0.100463
