2 0.097266 0.455903 0.034375 0.103472
2 0.145898 0.543056 0.046484 0.143056
2 0.192969 0.623611 0.084375 0.216667
2 0.282422 0.764931 0.104688 0.267361
2 0.411133 0.728125 0.086328 0.203472
2 0.321484 0.607639 0.065625 0.143056
2 0.261328 0.522917 0.051562 0.127778
2 0.206250 0.470833 0.052344 0.104167
2 0.176172 0.430208 0.027344 0.088194
2 0.148242 0.405903 0.030078 0.085417
2 0.290039 0.406597 0.035547 0.068750
2 0.341211 0.419444 0.041797 0.077778
2 0.387305 0.445139 0.048828 0.109722
2 0.449414 0.498611 0.050391 0.118056
2 0.543555 0.543750 0.066797 0.151389
2 0.676562 0.619097 0.086719 0.202083
2 0.772852 0.589931 0.069141 0.182639
2 0.626563 0.545139 0.039062 0.120833
2 0.459180 0.432639 0.041016 0.090278
2 0.951367 0.520486 0.062891 0.127083
2 0.895312 0.540278 0.057031 0.163889
2 0.820312 0.475694 0.045312 0.113889
2 0.715625 0.434028 0.039844 0.105556
2 0.665430 0.437500 0.047266 0.105556
2 0.632227 0.406597 0.033203 0.077083
2 0.576758 0.410417 0.042578 0.101389
2 0.513086 0.392361 0.033203 0.079167
