1 0.304492 0.244444 0.036328 0.070833
0 0.293555 0.299306 0.060547 0.065278
0 0.214258 0.299653 0.048047 0.059028
1 0.178125 0.337500 0.056250 0.080556
1 0.250000 0.329861 0.043750 0.101389
2 0.229297 0.394097 0.064844 0.106250
2 0.130273 0.396875 0.051953 0.095139
0 0.048438 0.476736 0.085156 0.124306
1 0.187109 0.471181 0.068750 0.109028
0 0.147070 0.580903 0.106641 0.117361
0 0.508984 0.296875 0.063281 0.060417
1 0.435352 0.336458 0.045703 0.071528
2 0.414648 0.402778 0.062109 0.091667
2 0.508984 0.397222 0.041406 0.084722
2 0.413086 0.476389 0.069922 0.098611
0 0.400195 0.588194 0.095703 0.154167
1 0.528711 0.468056 0.069141 0.109722
3 0.512891 0.567708 0.088281 0.150694
0 0.770117 0.413194 0.076172 0.072222
0 0.840820 0.403819 0.064453 0.089583
0 0.794922 0.481944 0.084375 0.102778
1 0.824609 0.583681 0.096875 0.156250
