2 0.033203 0.359375 0.050000 0.135417
2 0.079102 0.408333 0.058984 0.173611
2 0.137109 0.489583 0.082812 0.188889
3 0.233203 0.576736 0.092969 0.222917
3 0.034180 0.595833 0.068359 0.209722
3 0.098828 0.781250 0.175781 0.290278
3 0.343945 0.724653 0.176953 0.281250
2 0.400195 0.327431 0.056641 0.127083
2 0.282617 0.345833 0.066016 0.108333
2 0.360742 0.395139 0.087891 0.131944
2 0.468750 0.423264 0.091406 0.189583
2 0.740039 0.609722 0.125391 0.272222
1 0.898242 0.613542 0.131641 0.220139
2 0.958398 0.423958 0.083203 0.197917
2 0.897461 0.371528 0.054297 0.158333
2 0.799219 0.376389 0.079687 0.154167
1 0.680859 0.338194 0.076563 0.144444
