4 0.842969 0.415046 0.045833 0.103241
2 0.968490 0.487963 0.050000 0.093519
4 0.942578 0.682870 0.077344 0.152778
4 0.842057 0.555093 0.064844 0.152778
2 0.843750 0.699537 0.071875 0.168519
2 0.751432 0.556250 0.063281 0.134722
4 0.757031 0.466435 0.047396 0.104167
2 0.692448 0.397685 0.043750 0.088889
5 0.630859 0.364352 0.048698 0.150000
4 0.669401 0.459259 0.062240 0.120370
2 0.604427 0.469213 0.051042 0.116204
2 0.654818 0.559028 0.061198 0.134722
4 0.564453 0.559259 0.051823 0.157407
4 0.600781 0.703472 0.067187 0.183796
3 0.697396 0.706481 0.072917 0.171296
3 0.491146 0.465741 0.063021 0.112037
2 0.535417 0.387963 0.044271 0.092593
2 0.473958 0.379398 0.045833 0.084722
2 0.460677 0.321991 0.026042 0.093056
4 0.292057 0.356713 0.048698 0.100463
3 0.163151 0.703241 0.100781 0.184259
3 0.208203 0.541898 0.059115 0.145833
3 0.287630 0.547454 0.079427 0.163426
4 0.199609 0.431944 0.052865 0.110185
3 0.313281 0.441204 0.054167 0.112037
2 0.230859 0.308796 0.040885 0.077778
