1 0.210938 0.289236 0.053125 0.082639
2 0.172852 0.337153 0.055078 0.081250
1 0.131641 0.398264 0.057813 0.090972
2 0.084766 0.468403 0.057813 0.099306
1 0.037305 0.580903 0.072266 0.093750
2 0.132422 0.562500 0.076563 0.123611
1 0.188477 0.475000 0.064453 0.095833
1 0.230664 0.393750 0.073828 0.105556
1 0.260547 0.331597 0.046094 0.092361
2 0.411914 0.474306 0.058984 0.102778
3 0.432227 0.399653 0.047266 0.089583
3 0.504492 0.404167 0.031641 0.081944
1 0.521875 0.463889 0.061719 0.122222
3 0.450586 0.577778 0.069922 0.112500
2 0.534180 0.567361 0.075391 0.137500
2 0.518359 0.336806 0.042969 0.080556
1 0.750586 0.399653 0.048828 0.088194
3 0.846875 0.395486 0.062500 0.092361
1 0.782422 0.476389 0.057813 0.090278
1 0.856055 0.573958 0.067578 0.129861
3 0.967969 0.571181 0.064062 0.135417
