0 0.213477 0.291667 0.058984 0.063889
0 0.175195 0.342708 0.066016 0.072917
0 0.124219 0.405556 0.078125 0.097222
0 0.059766 0.469444 0.078906 0.130556
0 0.154492 0.585764 0.096484 0.100694
0 0.291992 0.292708 0.066797 0.067361
0 0.251953 0.346528 0.083594 0.088889
0 0.232422 0.416667 0.089063 0.091667
1 0.186133 0.467361 0.100391 0.143056
0 0.431641 0.299306 0.068750 0.056944
0 0.518164 0.265278 0.057422 0.062500
1 0.511914 0.341319 0.048047 0.081250
0 0.422852 0.406597 0.083203 0.089583
0 0.400586 0.482292 0.097266 0.103472
0 0.399609 0.591319 0.103906 0.131250
2 0.522070 0.465972 0.080859 0.119444
0 0.516406 0.607292 0.125781 0.127083
0 0.803516 0.361111 0.072656 0.054167
0 0.795312 0.472917 0.079687 0.126389
0 0.902344 0.488194 0.086719 0.108333
0 0.859570 0.599653 0.103516 0.132639
0 0.965820 0.577778 0.067578 0.150000
