3 0.238932 0.305556 0.040365 0.101852
3 0.209245 0.361574 0.047656 0.106481
3 0.286328 0.353935 0.047135 0.107870
3 0.200391 0.432176 0.067448 0.109722
3 0.307812 0.446528 0.068229 0.117130
2 0.206771 0.540509 0.071354 0.147685
3 0.276302 0.541435 0.059896 0.156944
3 0.155599 0.718981 0.110677 0.187963
3 0.277083 0.738426 0.094792 0.190741
3 0.469922 0.322685 0.047656 0.086111
4 0.536068 0.377083 0.035677 0.109722
3 0.495964 0.449306 0.065365 0.114352
3 0.599089 0.459259 0.057031 0.113889
3 0.558464 0.569676 0.065885 0.134722
2 0.651172 0.550463 0.071094 0.146296
3 0.736068 0.551389 0.054427 0.137963
3 0.600391 0.700231 0.069531 0.172685
3 0.699479 0.697454 0.070312 0.168056
3 0.847656 0.696759 0.085938 0.147222
3 0.833073 0.550463 0.072396 0.139815
5 0.692969 0.375231 0.048958 0.152315
2 0.637240 0.389815 0.039062 0.102778
3 0.829818 0.412731 0.042448 0.092130
3 0.947266 0.471528 0.063802 0.077315
