2 0.022852 0.336806 0.045703 0.106944
2 0.025977 0.273264 0.044141 0.095139
2 0.110742 0.312500 0.055078 0.095833
2 0.086328 0.360069 0.071875 0.140972
2 0.184961 0.338542 0.062891 0.127083
2 0.186719 0.437847 0.084375 0.125694
2 0.495312 0.585417 0.126562 0.255556
3 0.779883 0.456944 0.079297 0.198611
3 0.864062 0.432986 0.081250 0.165972
3 0.627344 0.529167 0.105469 0.225000
2 0.605273 0.370833 0.076172 0.119444
3 0.683398 0.371181 0.071484 0.152083
2 0.536328 0.326389 0.059375 0.147222
2 0.469922 0.338542 0.064844 0.147917
2 0.426758 0.301736 0.043359 0.114583
2 0.262695 0.286806 0.054297 0.118056
