2 0.236328 0.309491 0.040365 0.098611
2 0.291536 0.366435 0.044531 0.094907
2 0.214193 0.363194 0.039323 0.118981
2 0.195703 0.428472 0.058594 0.116204
2 0.307812 0.443519 0.058333 0.130556
2 0.211068 0.548148 0.057552 0.122222
1 0.276953 0.559491 0.070573 0.141204
3 0.174609 0.704861 0.084115 0.175463
2 0.290234 0.738657 0.091406 0.182870
2 0.463151 0.322222 0.034635 0.087963
2 0.522917 0.326157 0.033333 0.079167
2 0.477734 0.386111 0.036198 0.106481
2 0.542448 0.387037 0.043750 0.100926
2 0.500521 0.463194 0.061979 0.124537
2 0.608854 0.471065 0.055208 0.109722
2 0.632422 0.383333 0.039323 0.088889
2 0.675651 0.463194 0.047135 0.119907
2 0.694531 0.397454 0.035937 0.082870
2 0.573568 0.556481 0.070052 0.140741
2 0.655078 0.562269 0.069010 0.133796
2 0.750651 0.561574 0.059115 0.131481
2 0.762240 0.467361 0.049479 0.097685
2 0.848047 0.412037 0.044531 0.084259
2 0.845443 0.562269 0.063802 0.121759
2 0.610547 0.708333 0.071615 0.182407
2 0.715495 0.708796 0.072656 0.156481
2 0.841146 0.698380 0.071875 0.143981
2 0.943229 0.692824 0.058854 0.156019
