2 0.231250 0.310417 0.041667 0.087500
2 0.208464 0.359722 0.052344 0.094444
2 0.290625 0.359954 0.051042 0.110648
2 0.211719 0.440509 0.061458 0.104167
2 0.300521 0.449769 0.063542 0.110648
2 0.206380 0.548380 0.064323 0.130093
3 0.278776 0.557407 0.067448 0.145370
3 0.292057 0.740972 0.083073 0.162500
2 0.461198 0.322222 0.030208 0.087037
2 0.479297 0.380556 0.029427 0.104630
2 0.499349 0.459954 0.048698 0.106019
2 0.538151 0.381250 0.039844 0.097685
2 0.572266 0.557407 0.070052 0.137963
2 0.610286 0.459722 0.047656 0.131481
2 0.612500 0.698380 0.074479 0.174537
2 0.656771 0.561111 0.057292 0.147222
2 0.664844 0.456481 0.044792 0.117593
2 0.692057 0.398843 0.042969 0.079167
2 0.629297 0.385417 0.040365 0.099537
2 0.757552 0.467593 0.053125 0.115741
4 0.746484 0.561111 0.066406 0.136111
2 0.713802 0.714120 0.070833 0.152315
2 0.839453 0.692824 0.069010 0.157870
2 0.941016 0.688426 0.068490 0.161111
2 0.846224 0.550926 0.072135 0.141667
2 0.846354 0.404630 0.043229 0.091667
2 0.960547 0.478009 0.050781 0.076389
2 0.905859 0.480556 0.044531 0.096296
