2 0.044922 0.495139 0.082812 0.175000
2 0.176367 0.368750 0.066016 0.094444
3 0.130273 0.571181 0.094922 0.211806
3 0.050195 0.744792 0.097266 0.257639
3 0.226367 0.711806 0.156641 0.270833
3 0.836523 0.751042 0.127734 0.321528
3 0.952148 0.689583 0.091016 0.295833
2 0.740039 0.609375 0.076953 0.170139
2 0.249023 0.394792 0.066016 0.124306
2 0.285547 0.333681 0.059375 0.106250
2 0.346484 0.435417 0.066406 0.190278
2 0.611133 0.611458 0.113672 0.249306
2 0.554102 0.345486 0.064453 0.113194
2 0.658008 0.384722 0.066016 0.169444
2 0.741211 0.379861 0.057422 0.134722
2 0.808008 0.442014 0.091797 0.160417
2 0.898438 0.426042 0.067969 0.157639
