2 0.234375 0.311111 0.042188 0.087963
2 0.205339 0.431250 0.063802 0.123611
2 0.289974 0.361111 0.046094 0.104630
2 0.304036 0.450926 0.060677 0.112963
3 0.279818 0.563657 0.066406 0.145833
2 0.203646 0.549537 0.065625 0.155556
3 0.170182 0.710185 0.084635 0.163889
2 0.301953 0.736343 0.083073 0.168981
2 0.458203 0.321065 0.031510 0.089352
2 0.477995 0.382870 0.034115 0.109259
2 0.496354 0.462500 0.053646 0.119444
2 0.537630 0.382407 0.042448 0.102778
2 0.565755 0.558102 0.059635 0.155093
2 0.612891 0.470370 0.035677 0.096296
2 0.634896 0.387963 0.041146 0.104630
2 0.694401 0.390278 0.039844 0.102778
2 0.672005 0.458796 0.046094 0.110185
2 0.655599 0.559954 0.073177 0.160648
2 0.754297 0.552083 0.066927 0.148611
2 0.849740 0.552083 0.072917 0.148611
2 0.602995 0.703241 0.068490 0.177778
2 0.728255 0.708333 0.077865 0.150000
2 0.840885 0.689583 0.081250 0.153241
2 0.932552 0.690046 0.075521 0.131019
2 0.956771 0.475463 0.040104 0.097222
2 0.902344 0.482407 0.050000 0.094444
