2 0.235547 0.303935 0.048177 0.098611
2 0.291406 0.363889 0.046875 0.109259
2 0.203646 0.428472 0.061458 0.113426
2 0.310547 0.445602 0.051823 0.105093
2 0.200391 0.544444 0.059115 0.136111
3 0.272786 0.547222 0.065885 0.152778
2 0.169531 0.717130 0.104167 0.175926
2 0.301953 0.735417 0.111198 0.165278
2 0.457682 0.327315 0.032031 0.094444
2 0.476823 0.384259 0.031771 0.093519
1 0.528385 0.395139 0.045312 0.086574
2 0.494661 0.461574 0.050781 0.110185
2 0.565755 0.564815 0.068490 0.139815
2 0.608073 0.466667 0.057292 0.101852
2 0.656380 0.564815 0.069531 0.140741
2 0.607552 0.708796 0.066667 0.165741
2 0.719141 0.716667 0.086198 0.144444
2 0.755339 0.554630 0.066927 0.140741
2 0.675781 0.462963 0.050521 0.108333
2 0.631641 0.384722 0.043490 0.101852
2 0.697526 0.387500 0.041406 0.100926
2 0.834896 0.690509 0.073438 0.166204
2 0.920052 0.681250 0.063542 0.156019
2 0.850260 0.555787 0.067708 0.133796
2 0.839974 0.409954 0.049219 0.085648
2 0.908594 0.474769 0.063021 0.104167
2 0.961198 0.471065 0.042188 0.106944
