2 0.206510 0.357176 0.051562 0.112500
4 0.295052 0.352778 0.050000 0.121296
3 0.301823 0.441898 0.075000 0.117130
1 0.275911 0.564815 0.073698 0.164815
3 0.153255 0.693056 0.115885 0.181481
0 0.282552 0.757176 0.149479 0.153241
2 0.453906 0.320139 0.051562 0.090278
2 0.486198 0.392361 0.043229 0.104167
2 0.540755 0.388426 0.053906 0.105556
3 0.494792 0.478472 0.087500 0.102315
0 0.609635 0.468287 0.066667 0.118056
3 0.558594 0.570833 0.066146 0.151852
3 0.657813 0.565278 0.083333 0.137037
3 0.598307 0.708102 0.077344 0.209722
1 0.714844 0.712037 0.085938 0.149074
0 0.858854 0.716435 0.100000 0.147685
0 0.763281 0.577083 0.072396 0.155093
4 0.692187 0.456250 0.044792 0.118056
1 0.760938 0.454398 0.070833 0.155093
2 0.966406 0.481713 0.054688 0.084722
