2 0.117188 0.499653 0.041406 0.110417
3 0.200586 0.628819 0.074609 0.192361
3 0.274414 0.738889 0.077734 0.230556
3 0.387695 0.739931 0.062891 0.189583
3 0.307422 0.605903 0.064062 0.131250
2 0.253516 0.526042 0.045312 0.135417
2 0.208594 0.476389 0.046094 0.094444
2 0.174805 0.442708 0.038672 0.095139
1 0.288281 0.407292 0.038281 0.070139
2 0.328516 0.430208 0.048438 0.063194
3 0.385156 0.445486 0.042969 0.096528
1 0.440234 0.498264 0.056250 0.114583
2 0.539062 0.548958 0.061719 0.153472
2 0.677734 0.616319 0.078125 0.199306
3 0.952539 0.520833 0.051953 0.137500
5 0.886719 0.509375 0.063281 0.214583
2 0.712891 0.436806 0.037500 0.102778
5 0.663477 0.429167 0.060547 0.162500
5 0.570703 0.396181 0.045312 0.127083
2 0.453125 0.432639 0.045312 0.079167
5 0.501758 0.385764 0.047266 0.134028
3 0.754883 0.598611 0.085547 0.163889
