2 0.236458 0.305787 0.050000 0.089352
2 0.205990 0.365046 0.047396 0.096759
2 0.201693 0.446296 0.062760 0.100926
2 0.209375 0.558565 0.062500 0.130093
2 0.297786 0.731250 0.085156 0.193056
2 0.297396 0.551852 0.072396 0.127778
2 0.310937 0.441667 0.054167 0.112963
2 0.291927 0.355787 0.051562 0.106944
2 0.461849 0.322685 0.032031 0.093519
2 0.472135 0.382407 0.031771 0.094444
2 0.492057 0.457639 0.054948 0.117130
2 0.570443 0.569444 0.055990 0.139815
2 0.540755 0.391898 0.046615 0.102315
2 0.632812 0.386574 0.040625 0.090741
2 0.610547 0.475926 0.053385 0.104630
2 0.674219 0.460648 0.052604 0.109259
2 0.690625 0.394676 0.040625 0.092130
2 0.660677 0.563426 0.072917 0.148148
2 0.605859 0.696296 0.081510 0.176852
2 0.748437 0.556250 0.067708 0.158796
2 0.714844 0.698380 0.076042 0.183796
2 0.838672 0.572917 0.066406 0.131019
2 0.845703 0.696528 0.071615 0.166204
2 0.935807 0.687731 0.060677 0.151389
1 0.840625 0.412037 0.039062 0.098148
4 0.895182 0.484491 0.049219 0.095833
