2 0.233854 0.312500 0.039062 0.088889
2 0.212109 0.357407 0.044531 0.100926
2 0.202995 0.437963 0.058594 0.112037
2 0.289062 0.359259 0.050000 0.102778
2 0.306510 0.443750 0.063542 0.118056
2 0.207292 0.553472 0.074479 0.149537
2 0.284505 0.549769 0.073698 0.160648
2 0.164193 0.707870 0.098177 0.201852
2 0.288672 0.731944 0.091406 0.181481
2 0.459766 0.319676 0.029427 0.089352
2 0.475000 0.381944 0.032292 0.103704
2 0.539323 0.384028 0.041667 0.102315
2 0.501042 0.459491 0.057292 0.118056
2 0.613021 0.458333 0.048958 0.125926
2 0.635156 0.384028 0.042708 0.100463
2 0.696484 0.393981 0.039844 0.091667
2 0.670573 0.457407 0.056250 0.115741
2 0.573828 0.549537 0.066406 0.144444
2 0.657682 0.561574 0.073177 0.141667
2 0.746615 0.554167 0.067187 0.134259
2 0.759115 0.459954 0.052604 0.118056
2 0.844922 0.556944 0.067969 0.132407
2 0.612109 0.703472 0.067969 0.169907
2 0.711719 0.704167 0.072396 0.152778
2 0.839453 0.684028 0.067969 0.160648
2 0.939974 0.682407 0.069531 0.157407
2 0.966406 0.477778 0.048438 0.083333
2 0.905469 0.480324 0.058854 0.091204
2 0.847135 0.408796 0.047396 0.100000
