0 0.210938 0.292708 0.051562 0.072917
0 0.176367 0.344792 0.066797 0.078472
0 0.120117 0.401389 0.077734 0.094444
0 0.065430 0.493056 0.086328 0.088889
0 0.293164 0.289931 0.069141 0.072917
0 0.256055 0.342361 0.072266 0.093056
0 0.224414 0.409028 0.091016 0.101389
0 0.151172 0.585417 0.101562 0.106944
0 0.401562 0.598611 0.100000 0.118056
0 0.391406 0.479861 0.099219 0.111111
0 0.520898 0.612153 0.124609 0.113194
1 0.515625 0.339931 0.039844 0.090972
1 0.529687 0.466667 0.071094 0.119444
0 0.802148 0.360069 0.065234 0.059028
0 0.845508 0.415278 0.081641 0.095833
1 0.773633 0.468750 0.071484 0.108333
0 0.903516 0.490625 0.102344 0.099306
0 0.858008 0.592361 0.111328 0.123611
0 0.961523 0.587847 0.076172 0.134028
