3 0.233073 0.312500 0.042708 0.093519
3 0.286458 0.361806 0.043229 0.111574
3 0.211068 0.357407 0.046094 0.107407
2 0.302865 0.442824 0.055729 0.109722
3 0.205469 0.546528 0.068229 0.156019
1 0.278255 0.562963 0.061719 0.137037
3 0.155599 0.710648 0.087240 0.175000
3 0.288411 0.745370 0.092969 0.176852
3 0.460807 0.324306 0.035156 0.094907
3 0.481641 0.388426 0.037760 0.093519
3 0.543229 0.390509 0.051042 0.107870
3 0.496484 0.458796 0.062760 0.106481
2 0.564193 0.567824 0.065885 0.127315
2 0.701302 0.387731 0.053646 0.101389
3 0.635807 0.389352 0.034635 0.099074
2 0.613151 0.463194 0.047656 0.110648
3 0.676172 0.464120 0.049219 0.106019
2 0.656510 0.557407 0.064583 0.145370
2 0.753385 0.547222 0.066146 0.144444
3 0.840365 0.556250 0.067708 0.124537
2 0.608724 0.701852 0.065885 0.162963
2 0.719531 0.692130 0.085417 0.154630
3 0.832812 0.697917 0.068750 0.153241
3 0.912370 0.473380 0.057031 0.099537
