2 0.076367 0.571528 0.119141 0.176389
3 0.027930 0.318403 0.043359 0.085417
2 0.086523 0.335417 0.055859 0.084722
2 0.109375 0.272569 0.043750 0.099306
3 0.158008 0.365625 0.053516 0.127083
4 0.232813 0.409028 0.043750 0.175000
2 0.515820 0.549306 0.105078 0.219444
3 0.619531 0.510764 0.071094 0.196528
3 0.837109 0.423611 0.075781 0.118056
3 0.682227 0.370139 0.062891 0.111111
1 0.754883 0.456597 0.072266 0.160417
3 0.494336 0.354167 0.070703 0.111111
3 0.595508 0.392014 0.055078 0.128472
2 0.551953 0.330208 0.042188 0.124306
2 0.453711 0.307986 0.043359 0.084028
2 0.301172 0.292361 0.035156 0.104167
3 0.236719 0.268056 0.043750 0.076389
