6 0.124219 0.508681 0.245312 0.214583
6 0.215234 0.356944 0.149219 0.156944
6 0.468945 0.261111 0.091797 0.104167
6 0.460352 0.361458 0.143359 0.150694
2 0.411328 0.471875 0.067969 0.104861
1 0.386719 0.582639 0.072656 0.130556
1 0.520117 0.459722 0.073047 0.125000
1 0.512305 0.571181 0.080078 0.139583
3 0.945703 0.557986 0.055469 0.149306
1 0.846875 0.568750 0.071875 0.131944
3 0.781836 0.473264 0.066016 0.110417
2 0.890430 0.476042 0.051953 0.100694
1 0.843555 0.403472 0.053516 0.093056
3 0.752930 0.395833 0.056641 0.087500
