2 0.242448 0.311343 0.050000 0.095833
2 0.205208 0.430093 0.057813 0.128704
3 0.197526 0.549537 0.076823 0.152778
0 0.136979 0.698148 0.101042 0.196296
5 0.279948 0.507639 0.078125 0.226389
0 0.461719 0.324537 0.054688 0.087963
1 0.488151 0.380093 0.054427 0.094444
3 0.504297 0.466435 0.075260 0.109722
4 0.558464 0.558333 0.074219 0.154630
3 0.548568 0.383102 0.053385 0.106019
1 0.635286 0.393750 0.040365 0.090278
1 0.687240 0.391204 0.048438 0.108333
3 0.610417 0.462037 0.064062 0.101852
1 0.672135 0.460185 0.053125 0.100926
1 0.765104 0.482176 0.063021 0.093981
1 0.660026 0.568750 0.100260 0.107870
4 0.610938 0.705556 0.073438 0.189815
1 0.755469 0.582639 0.078125 0.097685
3 0.894141 0.681019 0.068490 0.178704
0 0.970573 0.497454 0.054688 0.076389
0 0.913151 0.484722 0.063281 0.087037
3 0.853776 0.421065 0.051823 0.090278
3 0.805599 0.678472 0.083073 0.184722
