2 0.233984 0.309259 0.040885 0.083333
2 0.197005 0.428009 0.062240 0.121759
2 0.289323 0.359954 0.044271 0.100463
2 0.305339 0.449074 0.065365 0.109259
2 0.204427 0.549306 0.063542 0.159722
3 0.280990 0.548843 0.070833 0.149537
2 0.174479 0.704861 0.086458 0.174537
2 0.297135 0.721296 0.080729 0.211111
2 0.456901 0.324306 0.033073 0.093056
2 0.481771 0.380324 0.035937 0.104167
2 0.494661 0.463194 0.053385 0.118981
2 0.565234 0.558796 0.053906 0.153704
2 0.536198 0.389583 0.045312 0.090278
2 0.606771 0.703241 0.065625 0.181481
2 0.651432 0.554398 0.071615 0.138426
2 0.720443 0.699306 0.070573 0.172685
2 0.607161 0.459954 0.050260 0.109722
2 0.672005 0.456250 0.051302 0.108796
2 0.635677 0.384954 0.043229 0.107870
2 0.693359 0.389120 0.039323 0.109722
2 0.751302 0.555556 0.059896 0.150926
2 0.850000 0.549769 0.065625 0.141204
2 0.839974 0.697917 0.078906 0.161574
2 0.936719 0.676852 0.064583 0.149074
2 0.957812 0.472454 0.041667 0.098611
2 0.914323 0.469444 0.049479 0.105556
2 0.849349 0.408333 0.042448 0.101852
