2 0.234896 0.308565 0.044271 0.095833
2 0.215234 0.359028 0.043490 0.095833
4 0.193490 0.433333 0.047917 0.137963
2 0.286849 0.363889 0.041927 0.100000
2 0.309766 0.437500 0.058073 0.135185
2 0.222526 0.552083 0.060156 0.148611
4 0.288021 0.543519 0.065625 0.158333
4 0.189323 0.698148 0.090104 0.189815
2 0.292187 0.708565 0.081250 0.206019
2 0.462760 0.318519 0.030729 0.085185
2 0.521615 0.325000 0.026562 0.088889
2 0.477083 0.378241 0.042708 0.111111
2 0.498828 0.462269 0.050260 0.118056
2 0.564063 0.564583 0.055208 0.142130
2 0.612630 0.698148 0.064323 0.183333
2 0.608333 0.459259 0.049479 0.125926
3 0.538672 0.388426 0.044531 0.101852
4 0.671484 0.460880 0.063281 0.122685
1 0.636328 0.385185 0.037240 0.102778
2 0.697786 0.393981 0.043490 0.099074
2 0.660156 0.567593 0.060937 0.147222
2 0.713021 0.703241 0.077083 0.165741
2 0.755859 0.553935 0.065885 0.133796
2 0.851302 0.703472 0.072396 0.152315
4 0.953385 0.686574 0.063542 0.164815
2 0.851302 0.556944 0.072396 0.133333
2 0.749219 0.455324 0.042708 0.101389
4 0.847005 0.405556 0.048177 0.106481
2 0.966667 0.477083 0.051042 0.096759
2 0.909896 0.483565 0.057813 0.107870
