6 0.117188 0.507639 0.159375 0.227778
2 0.126367 0.386806 0.054297 0.098611
2 0.234180 0.395139 0.067578 0.097222
2 0.177734 0.331250 0.048438 0.088889
2 0.215625 0.287153 0.040625 0.078472
2 0.256445 0.324653 0.054297 0.099306
2 0.298633 0.286111 0.035547 0.073611
6 0.465039 0.360069 0.121484 0.153472
2 0.410156 0.475000 0.064844 0.095833
1 0.405859 0.578819 0.081250 0.124306
2 0.523633 0.572569 0.076172 0.140972
1 0.518164 0.475694 0.069922 0.097222
1 0.751758 0.409028 0.045703 0.075000
2 0.844141 0.398264 0.059375 0.089583
2 0.779883 0.468056 0.059766 0.101389
2 0.889844 0.471181 0.052344 0.103472
2 0.852344 0.573264 0.069531 0.132639
