2 0.620898 0.322569 0.053516 0.131250
2 0.535547 0.320486 0.066406 0.157639
3 0.667773 0.384722 0.078516 0.143056
2 0.750781 0.359722 0.066406 0.163889
2 0.918555 0.416319 0.093359 0.175694
1 0.816016 0.448958 0.078906 0.217361
3 0.849219 0.599306 0.099219 0.275000
2 0.612109 0.515278 0.068750 0.197222
2 0.698633 0.652431 0.154297 0.303472
2 0.344336 0.342708 0.052734 0.118750
2 0.329297 0.470833 0.064062 0.162500
2 0.244922 0.379167 0.077344 0.168056
2 0.163867 0.345486 0.070703 0.106250
2 0.069336 0.313889 0.071484 0.104167
2 0.177734 0.266319 0.050781 0.120139
2 0.038867 0.519444 0.077734 0.181944
3 0.138672 0.640972 0.126562 0.247222
3 0.264453 0.840972 0.126562 0.283333
3 0.086914 0.845833 0.165234 0.293056
