2 0.236328 0.308102 0.046094 0.083796
2 0.209635 0.360417 0.039062 0.106019
2 0.291146 0.359028 0.053646 0.117130
1 0.200391 0.430093 0.065885 0.118519
2 0.307161 0.448148 0.057031 0.114815
2 0.207031 0.551157 0.066146 0.152315
2 0.280859 0.550000 0.058073 0.149074
2 0.177604 0.710880 0.090625 0.171759
2 0.299349 0.741898 0.113281 0.171759
2 0.457943 0.324769 0.034115 0.086574
2 0.477344 0.385417 0.032292 0.093056
2 0.543099 0.385648 0.061719 0.099074
2 0.525781 0.332407 0.028125 0.082407
2 0.497266 0.464583 0.054427 0.106019
1 0.605990 0.462500 0.047917 0.109259
2 0.634505 0.390278 0.039844 0.096296
2 0.697135 0.390741 0.037500 0.087963
2 0.673047 0.462963 0.044010 0.111111
2 0.758464 0.462269 0.051302 0.101389
2 0.568359 0.560417 0.074740 0.128241
2 0.654167 0.562037 0.057813 0.135185
2 0.756510 0.560880 0.065625 0.139352
2 0.610156 0.706250 0.069792 0.168056
2 0.719141 0.717824 0.078906 0.142130
2 0.839714 0.690741 0.067448 0.166667
2 0.926953 0.678241 0.058594 0.139815
2 0.847526 0.559028 0.073177 0.124537
2 0.845703 0.412500 0.047135 0.084259
2 0.912630 0.474537 0.057552 0.089815
2 0.961198 0.479167 0.043229 0.104630
