2 0.058398 0.574306 0.101172 0.226389
2 0.145508 0.656944 0.122266 0.268056
2 0.355273 0.869097 0.166797 0.261806
2 0.430078 0.558681 0.090625 0.178472
2 0.478320 0.444792 0.080859 0.150694
2 0.565039 0.606250 0.099609 0.277778
2 0.624414 0.526042 0.091797 0.165972
4 0.782422 0.711111 0.172656 0.350000
2 0.714844 0.601389 0.076563 0.216667
2 0.930664 0.822917 0.135547 0.351389
2 0.875000 0.509722 0.082031 0.200000
2 0.843945 0.429861 0.058203 0.173611
2 0.730859 0.445486 0.095312 0.139583
2 0.248242 0.762500 0.099609 0.388889
