0 0.215430 0.300000 0.058984 0.069444
0 0.174805 0.348611 0.067578 0.073611
0 0.127930 0.407986 0.069922 0.092361
0 0.059961 0.470486 0.082422 0.136806
0 0.148242 0.573958 0.108984 0.139583
3 0.190039 0.460069 0.071484 0.118750
0 0.232422 0.413194 0.076563 0.104167
0 0.260742 0.341667 0.073828 0.075000
0 0.298438 0.293056 0.062500 0.069444
0 0.431445 0.296875 0.062891 0.061806
0 0.520703 0.263542 0.058594 0.061806
0 0.515430 0.339236 0.040234 0.084028
0 0.446680 0.337500 0.056641 0.069444
3 0.422656 0.406597 0.078125 0.095139
3 0.526953 0.467014 0.071875 0.115972
0 0.406055 0.482639 0.098828 0.100000
0 0.397070 0.587500 0.103516 0.122222
0 0.517773 0.608681 0.119922 0.124306
1 0.837695 0.402778 0.055859 0.070833
3 0.885742 0.469792 0.066016 0.120139
0 0.782422 0.477083 0.088281 0.109722
0 0.852344 0.585417 0.103906 0.116667
0 0.958203 0.566667 0.079687 0.138889
