2 0.233333 0.311574 0.038021 0.072222
4 0.290755 0.359028 0.039844 0.104167
2 0.214062 0.366204 0.043750 0.105556
4 0.310547 0.440046 0.063802 0.134722
4 0.208724 0.502546 0.069010 0.226389
4 0.280599 0.543519 0.072656 0.154630
4 0.463021 0.326389 0.032813 0.089815
4 0.536328 0.383796 0.042448 0.098148
3 0.475651 0.387731 0.034635 0.081944
3 0.497135 0.464815 0.054167 0.114815
4 0.564063 0.555324 0.059375 0.140278
2 0.634635 0.391204 0.043750 0.114815
4 0.692839 0.403935 0.041927 0.090278
3 0.609635 0.464815 0.054688 0.110185
4 0.674219 0.458565 0.057292 0.117130
2 0.654427 0.559491 0.073438 0.140278
2 0.747786 0.554630 0.067448 0.136111
2 0.969792 0.485417 0.045312 0.080093
2 0.848437 0.413426 0.039062 0.082407
2 0.912760 0.420833 0.045312 0.079630
2 0.612760 0.702083 0.071875 0.172685
2 0.717839 0.706481 0.082552 0.159259
2 0.849219 0.707870 0.069271 0.170370
4 0.943750 0.689583 0.072396 0.162500
