2 0.236979 0.310880 0.042708 0.082870
4 0.284635 0.363889 0.047917 0.105556
1 0.199870 0.428241 0.064323 0.120370
2 0.308984 0.445602 0.069010 0.111574
3 0.198958 0.547222 0.060937 0.164815
3 0.270833 0.559722 0.067187 0.138889
2 0.460156 0.328935 0.032292 0.089352
2 0.480339 0.387037 0.038281 0.093519
2 0.493620 0.466204 0.054427 0.112037
2 0.524349 0.327778 0.026823 0.084259
3 0.542839 0.386343 0.041927 0.106019
3 0.564974 0.564120 0.059115 0.134722
2 0.607943 0.708102 0.064323 0.156944
3 0.718750 0.714120 0.071875 0.146759
2 0.649740 0.559259 0.068229 0.134259
2 0.609766 0.468519 0.041927 0.109259
2 0.674349 0.466435 0.051823 0.110648
2 0.631901 0.381713 0.037760 0.095833
2 0.691146 0.394907 0.046875 0.102778
5 0.764974 0.446065 0.053906 0.156019
2 0.755078 0.558333 0.061719 0.138889
2 0.849349 0.560648 0.064844 0.128704
3 0.840495 0.701389 0.076823 0.145370
2 0.934635 0.687963 0.056250 0.142593
2 0.912630 0.474306 0.051823 0.117130
