2 0.040430 0.311458 0.033203 0.084028
2 0.115039 0.288542 0.045703 0.095139
2 0.083203 0.343056 0.059375 0.093056
2 0.071875 0.585417 0.104688 0.184722
2 0.061719 0.797917 0.123438 0.316667
2 0.183008 0.714236 0.135547 0.257639
2 0.158008 0.371528 0.073047 0.129167
2 0.371875 0.464931 0.081250 0.192361
2 0.455664 0.477431 0.050391 0.134028
2 0.524414 0.560069 0.102734 0.238194
2 0.627344 0.519792 0.075781 0.195139
2 0.763477 0.456250 0.076172 0.165278
2 0.837305 0.430208 0.078516 0.129861
2 0.681445 0.376042 0.065234 0.135417
2 0.614844 0.383333 0.064844 0.116667
2 0.554883 0.333333 0.048047 0.136111
2 0.498242 0.347917 0.055078 0.122222
2 0.459180 0.310764 0.033984 0.084028
2 0.398633 0.313889 0.055859 0.102778
