2 0.233464 0.314815 0.040885 0.086111
4 0.233464 0.314815 0.040885 0.086111
4 0.291016 0.359028 0.039844 0.097685
4 0.210677 0.360417 0.041667 0.102315
4 0.201172 0.438657 0.058073 0.112500
4 0.312760 0.449306 0.058333 0.118981
4 0.288672 0.553704 0.077865 0.137037
4 0.206250 0.552778 0.066146 0.149074
4 0.173958 0.709028 0.079167 0.193056
4 0.460807 0.325000 0.029427 0.090741
2 0.478906 0.380324 0.034375 0.090278
3 0.496354 0.460880 0.059896 0.113426
3 0.539453 0.383796 0.038281 0.100926
4 0.608724 0.464815 0.047656 0.108333
4 0.570573 0.558102 0.059375 0.143056
4 0.603906 0.703472 0.061979 0.181944
2 0.657031 0.555324 0.066667 0.129167
5 0.628516 0.365046 0.056510 0.149537
2 0.692578 0.403935 0.039323 0.093056
4 0.677474 0.457176 0.053385 0.114352
2 0.750911 0.550000 0.058594 0.141667
4 0.845182 0.553009 0.060677 0.145833
3 0.713542 0.704167 0.059896 0.152778
1 0.842187 0.696296 0.074479 0.151852
4 0.954557 0.699306 0.061719 0.149537
3 0.963672 0.479398 0.042969 0.092130
3 0.908724 0.480324 0.059115 0.107870
4 0.841797 0.403704 0.043490 0.102778
