2 0.231120 0.300926 0.044010 0.080556
4 0.286979 0.352315 0.044271 0.118519
2 0.201953 0.429630 0.057552 0.112963
2 0.308203 0.437963 0.048177 0.122222
4 0.213932 0.554861 0.073698 0.149537
4 0.288411 0.540972 0.063281 0.164352
3 0.148958 0.716204 0.092188 0.199074
3 0.292187 0.706481 0.091667 0.193519
2 0.292187 0.706481 0.091667 0.193519
2 0.460547 0.322917 0.032552 0.089352
2 0.475521 0.380093 0.036458 0.098148
2 0.535547 0.389120 0.041406 0.095833
2 0.503255 0.461806 0.050781 0.110648
2 0.610417 0.459259 0.051562 0.123148
2 0.565755 0.564120 0.062240 0.130093
2 0.610547 0.699769 0.069010 0.173611
2 0.696224 0.407407 0.044010 0.083333
2 0.672656 0.464120 0.046354 0.115278
2 0.662109 0.566204 0.068490 0.137037
2 0.755990 0.563657 0.061979 0.135648
2 0.754427 0.461111 0.054167 0.109259
4 0.848177 0.407639 0.042708 0.102315
2 0.959896 0.470833 0.033854 0.087037
2 0.849089 0.564120 0.078385 0.130093
2 0.715365 0.704398 0.076042 0.176389
2 0.850260 0.694907 0.076042 0.166667
2 0.951432 0.691435 0.062240 0.134722
1 0.907552 0.486574 0.065625 0.082407
4 0.909766 0.418519 0.034115 0.078704
