1 0.236328 0.313194 0.042448 0.082870
2 0.287891 0.365972 0.048177 0.106019
2 0.199870 0.429398 0.054427 0.119907
2 0.309635 0.449074 0.055729 0.116667
2 0.205990 0.558796 0.058854 0.129630
1 0.283333 0.561806 0.062500 0.139352
2 0.173177 0.706481 0.105729 0.181481
2 0.293880 0.733102 0.079948 0.172685
2 0.460807 0.324074 0.029948 0.090741
2 0.478385 0.391898 0.039583 0.101389
2 0.538802 0.389815 0.045312 0.100000
2 0.505339 0.462963 0.050781 0.114815
2 0.613802 0.465278 0.050000 0.111111
2 0.634635 0.387731 0.039583 0.092130
2 0.697526 0.400926 0.032552 0.100000
2 0.680469 0.465741 0.049479 0.108333
2 0.761979 0.473380 0.051042 0.096759
2 0.578646 0.553472 0.072396 0.132870
2 0.661068 0.560417 0.063281 0.141204
2 0.748047 0.565278 0.063802 0.121296
2 0.845052 0.560648 0.065625 0.125926
2 0.612630 0.706944 0.075260 0.169444
2 0.714844 0.709722 0.072396 0.162963
2 0.845443 0.691898 0.076302 0.162500
1 0.941146 0.692824 0.061979 0.144907
2 0.956641 0.483102 0.044010 0.081019
2 0.901042 0.480556 0.053646 0.100926
