2 0.186719 0.703472 0.114062 0.216667
2 0.070117 0.571528 0.107422 0.180556
2 0.027344 0.318056 0.050000 0.077778
2 0.087305 0.342361 0.051953 0.077778
1 0.106836 0.278819 0.051172 0.092361
2 0.106836 0.278819 0.051172 0.092361
2 0.161719 0.362153 0.067969 0.122917
2 0.183398 0.312153 0.052734 0.078472
2 0.508789 0.555208 0.094141 0.234028
2 0.612305 0.519792 0.076953 0.210417
3 0.839063 0.427083 0.074219 0.126389
2 0.680859 0.371875 0.063281 0.132639
2 0.602344 0.392708 0.065625 0.127083
2 0.551758 0.322569 0.052734 0.131250
2 0.494531 0.349306 0.063281 0.113889
2 0.456250 0.302778 0.042969 0.101389
2 0.245312 0.335417 0.040625 0.109722
2 0.306641 0.288889 0.054688 0.090278
