1 0.236458 0.306250 0.042708 0.090278
2 0.285938 0.365741 0.050521 0.103704
2 0.199219 0.434028 0.061979 0.110648
3 0.309245 0.444444 0.054948 0.126852
1 0.209375 0.549074 0.068750 0.144444
1 0.278125 0.549074 0.061979 0.155556
3 0.170313 0.705787 0.091146 0.185648
2 0.290104 0.736806 0.089063 0.184722
2 0.462370 0.323843 0.030990 0.095833
2 0.475130 0.382176 0.039844 0.100463
2 0.499609 0.463426 0.048698 0.117593
2 0.529818 0.382639 0.036719 0.085648
2 0.607031 0.467361 0.047396 0.111574
2 0.568880 0.571759 0.057031 0.127778
2 0.606901 0.702778 0.066927 0.185185
2 0.658464 0.565046 0.067969 0.133796
2 0.634635 0.394444 0.043229 0.095370
2 0.692057 0.402083 0.041406 0.090278
2 0.672526 0.467824 0.055990 0.115278
2 0.751953 0.462037 0.047135 0.116667
2 0.753125 0.560185 0.069271 0.137963
2 0.712109 0.708102 0.083594 0.176389
2 0.847135 0.567361 0.063021 0.133796
2 0.849479 0.716898 0.065625 0.157870
2 0.951302 0.690509 0.062500 0.153241
2 0.968229 0.478472 0.050521 0.086574
1 0.908464 0.484722 0.062760 0.104630
2 0.848958 0.404630 0.042708 0.086111
