2 0.237891 0.315509 0.038802 0.076389
2 0.292839 0.365046 0.042969 0.098611
2 0.220052 0.431944 0.066667 0.126852
2 0.309245 0.442593 0.061719 0.125926
2 0.214974 0.546991 0.067448 0.146759
2 0.290234 0.544444 0.068490 0.147222
2 0.177604 0.719907 0.111979 0.171296
2 0.296094 0.726852 0.079687 0.197222
2 0.462109 0.324537 0.031510 0.081481
2 0.479557 0.389583 0.039323 0.092130
2 0.494010 0.470139 0.056771 0.107870
1 0.553516 0.390741 0.057552 0.114815
2 0.631250 0.395602 0.033854 0.094907
2 0.690234 0.404630 0.047135 0.087037
2 0.611979 0.474074 0.048958 0.110185
2 0.669792 0.473611 0.055729 0.109259
2 0.751432 0.471528 0.060156 0.101389
2 0.566536 0.569444 0.075781 0.106481
2 0.654557 0.556481 0.065365 0.132407
1 0.746354 0.563194 0.068229 0.127315
2 0.843880 0.562731 0.061719 0.126389
2 0.611328 0.700000 0.082552 0.168519
2 0.718490 0.714120 0.068750 0.156944
2 0.848698 0.701157 0.076042 0.159722
4 0.942318 0.690741 0.060677 0.138889
2 0.947005 0.481481 0.039323 0.081481
2 0.845833 0.410648 0.038542 0.087963
2 0.903646 0.422454 0.031250 0.071759
