2 0.235417 0.311111 0.035937 0.088889
3 0.196354 0.427315 0.059375 0.127778
2 0.196354 0.427315 0.059375 0.127778
2 0.291797 0.365972 0.049740 0.104167
2 0.311849 0.448380 0.053906 0.130093
3 0.277995 0.555093 0.066406 0.145370
3 0.208854 0.551852 0.062500 0.125926
3 0.168229 0.719444 0.090104 0.166667
2 0.459896 0.321065 0.028125 0.088426
2 0.523438 0.328241 0.031771 0.093519
2 0.476432 0.382639 0.032031 0.092130
2 0.535417 0.397685 0.039583 0.083333
2 0.502083 0.458102 0.058854 0.112500
2 0.636328 0.392824 0.044010 0.103241
2 0.693359 0.397454 0.037760 0.081944
2 0.610026 0.466435 0.057552 0.106019
2 0.675651 0.462269 0.057552 0.119907
2 0.762891 0.470602 0.047656 0.108796
2 0.572266 0.556250 0.080469 0.138426
2 0.656510 0.557176 0.068750 0.149537
2 0.749089 0.560648 0.064844 0.131481
2 0.846484 0.562037 0.067969 0.136111
2 0.615495 0.704861 0.075781 0.169907
2 0.720573 0.704630 0.066146 0.176852
2 0.841146 0.696065 0.078125 0.140278
2 0.940365 0.686343 0.061458 0.146759
2 0.843359 0.410648 0.054948 0.097222
2 0.968750 0.477778 0.052604 0.097222
2 0.905339 0.479398 0.056510 0.090278
