2 0.034766 0.360069 0.054688 0.136806
2 0.082031 0.405556 0.064844 0.172222
2 0.034766 0.577431 0.069531 0.240972
2 0.144922 0.475694 0.092969 0.175000
2 0.118945 0.728125 0.175391 0.346528
2 0.227148 0.568403 0.094922 0.215972
2 0.331055 0.716667 0.162109 0.286111
2 0.290625 0.353472 0.061719 0.105556
2 0.368359 0.385764 0.071875 0.140972
2 0.463477 0.432292 0.076953 0.195139
2 0.498242 0.362153 0.053516 0.118750
2 0.742578 0.597917 0.113281 0.273611
2 0.873047 0.619444 0.121094 0.208333
2 0.953711 0.441319 0.092578 0.186806
2 0.897656 0.373958 0.050000 0.168750
2 0.800391 0.373611 0.078906 0.175000
1 0.693555 0.338542 0.093359 0.124306
