2 0.235026 0.311111 0.043490 0.070370
2 0.204818 0.357639 0.045573 0.112500
4 0.286849 0.362037 0.047656 0.094444
2 0.215365 0.542824 0.053646 0.138426
5 0.293490 0.511343 0.074479 0.218981
3 0.205729 0.686574 0.073958 0.197222
2 0.460677 0.318750 0.031250 0.086574
2 0.523047 0.332407 0.027344 0.088889
2 0.473307 0.387500 0.029948 0.087037
2 0.492578 0.462037 0.044531 0.110185
2 0.540755 0.393287 0.041406 0.101389
2 0.606771 0.473148 0.046354 0.103704
4 0.569792 0.567824 0.056250 0.129167
2 0.637891 0.388657 0.034635 0.106944
2 0.693880 0.392824 0.039844 0.099537
2 0.669271 0.459259 0.048958 0.113889
2 0.665104 0.561806 0.057813 0.147685
2 0.607682 0.699306 0.070052 0.179167
2 0.723568 0.703241 0.080469 0.159259
2 0.748698 0.556019 0.056771 0.150000
2 0.757422 0.465972 0.058594 0.103241
2 0.837891 0.414815 0.041927 0.098148
2 0.847396 0.701389 0.075000 0.151852
2 0.947005 0.688194 0.068490 0.143056
4 0.900391 0.480324 0.051302 0.103241
