3 0.236198 0.313194 0.036979 0.087500
3 0.290625 0.360648 0.052083 0.094444
3 0.202214 0.428704 0.064844 0.116667
3 0.301693 0.445833 0.064844 0.121296
3 0.204167 0.543287 0.068750 0.161574
3 0.274089 0.555556 0.062240 0.130556
3 0.157161 0.711574 0.085156 0.159259
2 0.459505 0.325694 0.030990 0.085648
2 0.522396 0.332639 0.032813 0.085648
3 0.479557 0.385648 0.037240 0.090741
3 0.537760 0.381713 0.043750 0.099537
3 0.498437 0.463426 0.057813 0.099074
2 0.635156 0.390741 0.040104 0.091667
2 0.690625 0.388194 0.047396 0.110648
3 0.612760 0.466898 0.045312 0.097685
3 0.673568 0.460880 0.049740 0.109722
5 0.767578 0.437963 0.048698 0.156481
3 0.566536 0.560417 0.062760 0.131019
2 0.656641 0.555787 0.065365 0.150463
2 0.753125 0.553935 0.065104 0.151389
3 0.840625 0.556944 0.063021 0.137963
2 0.606901 0.705093 0.067969 0.167593
3 0.725781 0.713194 0.083854 0.150463
3 0.834766 0.694907 0.072135 0.146296
3 0.930078 0.678472 0.061198 0.158796
3 0.913802 0.469676 0.057813 0.103241
