2 0.235156 0.304861 0.044792 0.094907
2 0.285547 0.368287 0.043490 0.104167
4 0.198307 0.439120 0.060677 0.113426
2 0.310677 0.433796 0.055208 0.126852
2 0.220964 0.556481 0.057031 0.148148
4 0.285286 0.548380 0.063802 0.154167
3 0.195052 0.715509 0.084375 0.176389
3 0.289583 0.721296 0.078646 0.185185
2 0.459635 0.324537 0.031771 0.090741
2 0.521484 0.325000 0.031510 0.087963
2 0.475130 0.383796 0.039844 0.094444
2 0.535807 0.387963 0.042448 0.088889
2 0.499740 0.460185 0.058854 0.113889
2 0.609505 0.454630 0.057552 0.124074
2 0.637891 0.387037 0.032031 0.094444
2 0.688281 0.392130 0.044271 0.101852
2 0.672005 0.459491 0.056510 0.112500
2 0.564844 0.562269 0.070312 0.132870
2 0.657682 0.563426 0.066927 0.148148
2 0.758203 0.561574 0.058594 0.139815
2 0.747917 0.463194 0.042188 0.092130
2 0.614062 0.702083 0.074479 0.171759
2 0.715495 0.707176 0.083594 0.151389
2 0.854948 0.705093 0.073438 0.151852
4 0.946484 0.691667 0.065365 0.123148
2 0.852344 0.563657 0.065625 0.126389
2 0.848698 0.408565 0.042188 0.106019
2 0.968880 0.475463 0.049740 0.083333
