2 0.236198 0.310880 0.040625 0.081944
3 0.291016 0.356481 0.051302 0.108333
3 0.198437 0.429630 0.056250 0.124074
3 0.310937 0.447222 0.055729 0.125000
3 0.202734 0.556019 0.062240 0.143519
3 0.275391 0.539583 0.076823 0.156944
3 0.172266 0.706944 0.091406 0.193519
1 0.286458 0.730787 0.105729 0.167130
3 0.457813 0.323843 0.032292 0.086574
3 0.524219 0.329398 0.032813 0.090278
3 0.477474 0.386111 0.037240 0.100000
4 0.551432 0.393750 0.047656 0.104167
3 0.501042 0.464120 0.056771 0.109722
3 0.632943 0.389352 0.047135 0.094444
2 0.696875 0.397685 0.039583 0.088889
3 0.616536 0.474537 0.050260 0.110185
3 0.675130 0.460880 0.044531 0.109722
2 0.758854 0.469213 0.046354 0.104167
2 0.565625 0.552778 0.076042 0.151852
1 0.565625 0.552778 0.076042 0.151852
1 0.657161 0.554398 0.069010 0.138426
1 0.749609 0.562037 0.063802 0.122222
3 0.829427 0.557407 0.059896 0.126852
2 0.605339 0.703472 0.073698 0.172685
3 0.717187 0.707639 0.069271 0.153241
2 0.842318 0.693519 0.073698 0.162963
3 0.944661 0.682639 0.067448 0.148611
2 0.960547 0.474769 0.039844 0.097685
2 0.911068 0.471065 0.050781 0.089352
