3 0.287109 0.361343 0.046094 0.104167
4 0.208594 0.427546 0.066667 0.119907
4 0.312891 0.433565 0.058073 0.134722
3 0.218750 0.551389 0.063542 0.144444
4 0.289974 0.554167 0.076302 0.150926
2 0.150000 0.684954 0.096875 0.200463
2 0.462891 0.326620 0.028906 0.085648
2 0.529036 0.333333 0.033073 0.076852
2 0.482422 0.381713 0.037240 0.091204
2 0.493490 0.465046 0.045833 0.107870
3 0.556120 0.386111 0.052865 0.096296
1 0.641016 0.399306 0.037240 0.094907
5 0.686198 0.375000 0.047917 0.148148
0 0.602344 0.486343 0.076042 0.098611
4 0.672005 0.464583 0.056510 0.113426
3 0.551432 0.567361 0.060677 0.130093
2 0.617188 0.696991 0.067708 0.180093
1 0.715755 0.721528 0.078385 0.151389
3 0.846224 0.696065 0.076823 0.159722
1 0.938932 0.686343 0.056510 0.146759
4 0.845052 0.414583 0.040625 0.083796
1 0.899349 0.422454 0.046615 0.072685
