2 0.233724 0.309954 0.040885 0.085648
4 0.202604 0.432407 0.057813 0.129630
2 0.287630 0.366667 0.044010 0.100926
4 0.313411 0.447222 0.059115 0.120370
4 0.277344 0.546991 0.069271 0.145833
4 0.205859 0.550231 0.064844 0.148611
2 0.156380 0.727778 0.118490 0.176852
2 0.291276 0.732176 0.092448 0.186574
2 0.459505 0.327546 0.027344 0.095833
2 0.477734 0.390278 0.035156 0.104630
2 0.537109 0.389583 0.043490 0.088426
2 0.500521 0.461343 0.055729 0.109722
2 0.635156 0.389815 0.041146 0.107407
2 0.696094 0.401620 0.035417 0.087500
2 0.613411 0.465046 0.047135 0.107870
2 0.676432 0.465509 0.059635 0.111574
2 0.578906 0.559491 0.072396 0.143981
2 0.656771 0.556481 0.068750 0.140741
2 0.748568 0.560880 0.062240 0.131019
2 0.757812 0.466898 0.052604 0.106019
2 0.840755 0.557639 0.068490 0.121759
2 0.610677 0.702546 0.077083 0.169907
2 0.713281 0.710880 0.065104 0.146759
2 0.844792 0.690741 0.077083 0.159259
2 0.940365 0.693750 0.067708 0.152315
2 0.844792 0.407407 0.050521 0.091667
2 0.907943 0.472454 0.049219 0.108796
2 0.952083 0.480093 0.039583 0.083333
