0 0.212695 0.288194 0.057422 0.080556
0 0.176953 0.346528 0.060937 0.072222
0 0.127930 0.398264 0.076953 0.099306
0 0.063477 0.492361 0.078516 0.084722
0 0.292187 0.291319 0.068750 0.068750
0 0.252734 0.341319 0.078125 0.085417
0 0.234961 0.413542 0.079297 0.095139
1 0.192773 0.464236 0.074609 0.122917
0 0.151367 0.593750 0.101172 0.112500
0 0.514062 0.267708 0.064844 0.059028
1 0.513477 0.336806 0.041797 0.083333
0 0.420703 0.402431 0.087500 0.097917
0 0.400000 0.477083 0.103906 0.098611
2 0.522461 0.469097 0.068359 0.109028
0 0.400195 0.588194 0.097266 0.122222
0 0.518750 0.607639 0.121094 0.130556
0 0.803516 0.367708 0.069531 0.060417
1 0.779883 0.477778 0.058203 0.101389
0 0.848633 0.415625 0.080078 0.092361
0 0.904102 0.503819 0.094141 0.086806
0 0.858789 0.592708 0.099609 0.122917
0 0.961328 0.577778 0.077344 0.133333
