2 0.233594 0.315046 0.043229 0.081944
2 0.291667 0.366898 0.043229 0.098611
2 0.218490 0.433102 0.064062 0.120833
2 0.307943 0.442593 0.057552 0.131481
2 0.214323 0.546759 0.070312 0.145370
1 0.291016 0.543056 0.071094 0.159259
2 0.174479 0.709491 0.090104 0.187500
2 0.298177 0.733796 0.087500 0.194444
2 0.463281 0.326389 0.031250 0.087037
2 0.482422 0.382870 0.038802 0.094444
2 0.495312 0.472222 0.058333 0.108333
1 0.551562 0.386574 0.047396 0.098148
2 0.634635 0.395602 0.041667 0.101389
2 0.686198 0.401389 0.047396 0.096296
2 0.613672 0.471296 0.053385 0.105556
2 0.676302 0.479167 0.046875 0.104630
2 0.565885 0.564815 0.070312 0.124074
2 0.654687 0.560880 0.067708 0.143981
2 0.748828 0.562963 0.063281 0.137037
2 0.847396 0.570602 0.060417 0.130093
2 0.614323 0.703009 0.077083 0.179167
2 0.717318 0.713889 0.079948 0.158333
2 0.852214 0.704398 0.077865 0.164352
2 0.952865 0.674074 0.064583 0.175000
2 0.950781 0.486111 0.034896 0.087963
2 0.843620 0.411806 0.040365 0.081019
2 0.904427 0.420833 0.039583 0.075926
