2 0.235937 0.308565 0.044792 0.091204
1 0.208854 0.357870 0.042708 0.109259
2 0.287500 0.363657 0.044792 0.104167
4 0.313411 0.438657 0.058594 0.131944
2 0.193359 0.437500 0.046094 0.119444
4 0.215365 0.541204 0.055729 0.162037
1 0.283594 0.542824 0.061458 0.161574
4 0.183984 0.672222 0.078385 0.202778
2 0.293620 0.708102 0.084635 0.217130
1 0.462370 0.321528 0.036719 0.089352
2 0.473958 0.387731 0.036979 0.091204
2 0.495964 0.455787 0.050781 0.112500
4 0.536328 0.379630 0.035156 0.101852
4 0.637630 0.392824 0.044531 0.097685
2 0.693750 0.389815 0.045312 0.097222
2 0.607682 0.459259 0.052865 0.121296
3 0.670573 0.461343 0.046875 0.113426
2 0.566276 0.561111 0.062240 0.134259
2 0.658594 0.550694 0.068750 0.165278
2 0.750391 0.548148 0.059635 0.138889
2 0.846875 0.559028 0.062500 0.135648
2 0.610286 0.695370 0.075781 0.175926
2 0.716276 0.707639 0.083594 0.162500
2 0.851953 0.699306 0.075781 0.168981
4 0.946354 0.679861 0.063021 0.168056
2 0.967708 0.479630 0.040104 0.079630
3 0.902214 0.471991 0.065885 0.099537
4 0.846745 0.406481 0.042448 0.100926
