1 0.211328 0.286458 0.046094 0.084028
1 0.169531 0.341319 0.056250 0.084028
1 0.114453 0.395833 0.053906 0.088889
1 0.077734 0.471875 0.065625 0.129861
1 0.033594 0.569444 0.067187 0.133333
1 0.289844 0.282639 0.046094 0.083333
1 0.253711 0.343750 0.068359 0.077778
1 0.238086 0.407639 0.078516 0.076389
1 0.441602 0.292708 0.054297 0.072917
1 0.438281 0.348264 0.065625 0.067361
1 0.417969 0.404861 0.079687 0.083333
1 0.407031 0.486806 0.093750 0.086111
1 0.390234 0.572917 0.100000 0.133333
1 0.505664 0.350000 0.060547 0.087500
1 0.498242 0.416319 0.056641 0.070139
1 0.522852 0.477778 0.111328 0.095833
1 0.535352 0.575347 0.125391 0.139583
1 0.758789 0.398264 0.057422 0.084028
1 0.859180 0.405556 0.062109 0.095833
1 0.769727 0.475000 0.070703 0.100000
1 0.852734 0.599653 0.096094 0.149306
1 0.903125 0.490625 0.091406 0.097917
1 0.957422 0.567708 0.078906 0.139583
