2 0.285547 0.364815 0.044010 0.098148
2 0.234505 0.306713 0.045052 0.084722
2 0.195964 0.436111 0.051823 0.127778
2 0.309375 0.433796 0.056250 0.126852
2 0.220052 0.555556 0.061458 0.147222
4 0.289323 0.551620 0.065625 0.165278
2 0.191797 0.708102 0.096094 0.185648
2 0.293880 0.719676 0.079948 0.176389
2 0.460807 0.320139 0.031510 0.087500
2 0.472266 0.384028 0.037760 0.097685
2 0.500130 0.460648 0.050781 0.108333
2 0.538281 0.385185 0.041146 0.092593
2 0.607292 0.457639 0.052083 0.130093
2 0.566667 0.563889 0.063542 0.123148
2 0.614583 0.707176 0.073438 0.159722
2 0.636458 0.392130 0.039062 0.102778
2 0.696354 0.395602 0.038021 0.091204
2 0.673698 0.458102 0.058333 0.126389
2 0.664062 0.566667 0.071354 0.151852
2 0.755208 0.556713 0.067187 0.137500
2 0.850391 0.566898 0.073177 0.131944
2 0.711979 0.710880 0.083333 0.151389
2 0.854427 0.706713 0.067708 0.160648
4 0.951562 0.685880 0.058854 0.148611
2 0.966667 0.478241 0.049479 0.083333
1 0.904557 0.484954 0.054427 0.087500
2 0.847656 0.402083 0.045312 0.101389
