0 0.212109 0.294792 0.057031 0.064583
0 0.175781 0.350347 0.065625 0.074306
1 0.118555 0.392014 0.055859 0.106250
0 0.292773 0.288194 0.065234 0.068056
1 0.254102 0.340278 0.049609 0.104167
1 0.230859 0.400694 0.060156 0.104167
3 0.183203 0.464236 0.086719 0.124306
0 0.148438 0.584375 0.107813 0.102083
2 0.434766 0.333681 0.040625 0.071528
2 0.417187 0.397917 0.053125 0.093056
2 0.407422 0.473264 0.059375 0.104861
1 0.378906 0.582292 0.072656 0.138194
1 0.499219 0.297917 0.046094 0.076389
3 0.519336 0.471181 0.065234 0.100694
1 0.518555 0.570486 0.086328 0.135417
1 0.949414 0.559722 0.076172 0.133333
3 0.844336 0.566667 0.080078 0.143056
2 0.893164 0.474306 0.051953 0.127778
