2 0.154948 0.708796 0.091146 0.165741
2 0.286849 0.355787 0.044531 0.103241
4 0.309896 0.443981 0.057292 0.114815
2 0.200260 0.440278 0.057813 0.111111
4 0.205599 0.548380 0.071094 0.150463
4 0.282682 0.545833 0.070052 0.167593
1 0.235807 0.307407 0.046094 0.084259
1 0.478255 0.386574 0.036198 0.087963
2 0.500911 0.462037 0.052865 0.104630
4 0.536979 0.386574 0.034896 0.102778
2 0.566016 0.558796 0.057552 0.126852
2 0.611979 0.699537 0.067187 0.172222
2 0.653516 0.562500 0.066406 0.124074
2 0.676562 0.458565 0.047917 0.107870
2 0.640234 0.386574 0.041927 0.104630
3 0.718620 0.709491 0.073177 0.142130
2 0.750000 0.549074 0.066667 0.138889
3 0.843880 0.689815 0.072135 0.145370
2 0.843750 0.548380 0.065104 0.116204
1 0.937370 0.672685 0.073698 0.152778
2 0.958203 0.480324 0.047656 0.086574
1 0.898568 0.473611 0.049740 0.091667
2 0.838932 0.412731 0.040885 0.088426
