2 0.230469 0.309028 0.045312 0.088426
2 0.289453 0.362500 0.047656 0.099074
4 0.198958 0.424537 0.059375 0.128704
2 0.308594 0.451852 0.062500 0.119444
2 0.197526 0.555787 0.077344 0.134722
2 0.278385 0.553704 0.071354 0.140741
2 0.159896 0.726852 0.115104 0.183333
2 0.457682 0.327315 0.026302 0.092593
2 0.522135 0.337963 0.025521 0.078704
2 0.478906 0.384722 0.033854 0.094444
2 0.536849 0.388426 0.039844 0.093519
2 0.499349 0.456481 0.047135 0.114815
2 0.573438 0.561111 0.061458 0.150926
2 0.610547 0.462963 0.050260 0.112037
2 0.634766 0.388889 0.032552 0.101852
2 0.694271 0.399769 0.036979 0.088426
2 0.675521 0.463889 0.055729 0.113889
2 0.658594 0.560880 0.073958 0.136574
2 0.758464 0.475463 0.054427 0.103704
2 0.748177 0.556944 0.063021 0.136111
2 0.845833 0.561343 0.070833 0.121759
2 0.614062 0.704167 0.071875 0.175000
2 0.714714 0.713889 0.062240 0.145370
2 0.842578 0.696528 0.080469 0.173611
2 0.940365 0.693519 0.066667 0.151852
2 0.951562 0.477546 0.033333 0.080093
2 0.906120 0.474537 0.045573 0.112963
2 0.842448 0.410880 0.044271 0.085648
