2 0.084180 0.257986 0.045703 0.118750
2 0.123047 0.298264 0.054688 0.121528
2 0.177148 0.360069 0.074609 0.132639
2 0.240039 0.425694 0.074609 0.181944
2 0.146484 0.562153 0.126562 0.240972
2 0.315234 0.551736 0.100000 0.199306
2 0.031641 0.369444 0.063281 0.162500
3 0.275000 0.775694 0.171094 0.309722
2 0.443359 0.725000 0.158594 0.319444
2 0.294922 0.246181 0.037500 0.082639
3 0.369727 0.229167 0.043359 0.097222
2 0.344531 0.288542 0.060156 0.095139
4 0.428125 0.317361 0.066406 0.144444
2 0.520312 0.299306 0.057031 0.122222
2 0.497852 0.410069 0.077734 0.152083
2 0.757422 0.475694 0.057031 0.150000
2 0.833789 0.591667 0.132422 0.291667
2 0.962500 0.534722 0.069531 0.256944
2 0.886719 0.302431 0.067969 0.149306
2 0.814258 0.323958 0.065234 0.146528
2 0.773633 0.272222 0.040234 0.112500
2 0.700000 0.269444 0.053125 0.137500
