3 0.232813 0.311343 0.039583 0.083796
2 0.196354 0.429630 0.053125 0.128704
2 0.286849 0.363889 0.047135 0.099074
2 0.307812 0.443056 0.065625 0.125000
1 0.202995 0.553009 0.076302 0.148611
3 0.154427 0.709954 0.081250 0.174537
2 0.459896 0.327778 0.030729 0.079630
2 0.524609 0.328935 0.029948 0.085648
2 0.478516 0.383102 0.037760 0.091204
3 0.538151 0.383796 0.043490 0.100000
3 0.496745 0.463889 0.058073 0.104630
3 0.562760 0.570602 0.060937 0.139352
2 0.632031 0.393981 0.041667 0.104630
2 0.689974 0.389120 0.042448 0.097685
3 0.613542 0.470833 0.044271 0.108333
2 0.670573 0.461806 0.049479 0.106019
2 0.763151 0.473380 0.047656 0.101389
3 0.652734 0.562731 0.063281 0.148611
2 0.608333 0.704398 0.063542 0.172685
3 0.716276 0.718981 0.079427 0.172222
2 0.755339 0.563657 0.061198 0.134722
5 0.863542 0.522454 0.068750 0.199537
2 0.842578 0.401852 0.039323 0.092593
2 0.960156 0.487037 0.041667 0.086111
2 0.841667 0.692130 0.077083 0.148148
3 0.925911 0.679861 0.061198 0.147685
