4 0.208594 0.467014 0.057031 0.120139
2 0.151953 0.417361 0.036719 0.081944
2 0.121289 0.501389 0.041016 0.109722
2 0.191211 0.629861 0.069141 0.188889
2 0.281445 0.773264 0.132422 0.245139
2 0.269141 0.534722 0.053125 0.134722
2 0.294141 0.408333 0.041406 0.068056
1 0.338477 0.426389 0.043359 0.069444
4 0.390234 0.417361 0.050781 0.152778
2 0.451562 0.444792 0.033594 0.092361
4 0.474219 0.486458 0.037500 0.114583
2 0.541211 0.549653 0.056641 0.159028
2 0.631836 0.549306 0.058984 0.101389
2 0.508789 0.404167 0.044922 0.058333
4 0.577930 0.397222 0.054297 0.127778
2 0.691797 0.617361 0.096875 0.194444
2 0.770312 0.606250 0.080469 0.152778
2 0.713867 0.437847 0.041016 0.107639
3 0.652148 0.451042 0.054297 0.106250
2 0.753711 0.482639 0.044922 0.118056
2 0.894141 0.535764 0.073438 0.153472
2 0.962109 0.530903 0.060156 0.120139
