2 0.231120 0.309722 0.042969 0.095370
2 0.288802 0.362500 0.044792 0.100000
2 0.199479 0.429861 0.054167 0.119907
2 0.303255 0.442824 0.064323 0.128241
2 0.204427 0.549074 0.070833 0.140741
1 0.278516 0.568981 0.062760 0.130556
4 0.146484 0.720370 0.105990 0.178704
2 0.292969 0.738889 0.083854 0.186111
2 0.460417 0.321296 0.031771 0.092593
2 0.476693 0.383333 0.035677 0.107407
4 0.534375 0.389815 0.050521 0.100926
2 0.499219 0.459722 0.055729 0.117593
2 0.631771 0.386343 0.042188 0.105093
2 0.695052 0.399074 0.038021 0.088889
2 0.611589 0.462731 0.055990 0.121759
2 0.572656 0.552546 0.071354 0.138426
2 0.672396 0.460185 0.061979 0.119444
2 0.655469 0.557407 0.081771 0.139815
2 0.758073 0.467130 0.053125 0.091667
4 0.744922 0.558796 0.067969 0.126852
2 0.847266 0.558796 0.067969 0.125926
2 0.610156 0.700463 0.075521 0.171296
2 0.715234 0.709259 0.073177 0.153704
2 0.844141 0.697917 0.080469 0.149537
2 0.938932 0.686343 0.074219 0.150463
1 0.848958 0.410648 0.043750 0.094444
2 0.965234 0.477778 0.044010 0.092593
1 0.903646 0.482176 0.065625 0.093056
