3 0.289583 0.739352 0.085938 0.172222
2 0.168490 0.703009 0.089063 0.181019
2 0.233854 0.306713 0.040625 0.092130
2 0.291276 0.365509 0.051302 0.096759
4 0.196094 0.426157 0.066146 0.127315
2 0.308984 0.443056 0.060677 0.133333
2 0.205729 0.553704 0.059375 0.145370
1 0.275911 0.554630 0.067969 0.161111
2 0.459635 0.325000 0.029687 0.093519
2 0.522526 0.333333 0.026823 0.083333
2 0.476953 0.386574 0.032552 0.106481
2 0.538932 0.390278 0.038281 0.097222
2 0.501432 0.463194 0.059635 0.112500
2 0.610938 0.466898 0.051562 0.106944
2 0.637500 0.387269 0.039583 0.103241
2 0.696224 0.399769 0.035677 0.086574
2 0.674740 0.460185 0.053646 0.115741
2 0.573177 0.554861 0.075521 0.133796
2 0.763802 0.471296 0.051562 0.103704
2 0.660547 0.560880 0.069010 0.151389
2 0.746354 0.560648 0.072396 0.131481
2 0.843750 0.559028 0.074479 0.133796
2 0.613542 0.703009 0.066146 0.167130
1 0.717839 0.704167 0.063281 0.166667
2 0.840755 0.699074 0.082031 0.150926
2 0.939583 0.693750 0.071875 0.143056
1 0.966536 0.479861 0.039844 0.100463
2 0.907422 0.481019 0.058594 0.089815
