2 0.039844 0.358681 0.047656 0.150694
2 0.088086 0.407292 0.071484 0.181250
2 0.147070 0.477431 0.084766 0.171528
1 0.041016 0.591319 0.082031 0.210417
2 0.237695 0.561806 0.100391 0.236111
4 0.120508 0.775694 0.187891 0.395833
2 0.347656 0.715278 0.187500 0.266667
2 0.287305 0.354514 0.072266 0.111806
2 0.366406 0.387847 0.081250 0.124306
2 0.470898 0.427778 0.091016 0.195833
2 0.400977 0.318056 0.052734 0.129167
2 0.735156 0.606597 0.135156 0.277083
2 0.865234 0.624306 0.096094 0.209722
2 0.956836 0.433681 0.086328 0.203472
2 0.895703 0.368403 0.054688 0.165972
2 0.797461 0.373611 0.084766 0.156944
2 0.682617 0.340972 0.085547 0.131944
