1 0.036914 0.583681 0.073828 0.093750
2 0.082812 0.465972 0.058594 0.104167
2 0.129492 0.394097 0.057422 0.097917
2 0.176953 0.334375 0.042969 0.081250
2 0.213477 0.289236 0.046484 0.072917
1 0.259766 0.327083 0.053906 0.090278
2 0.228906 0.390972 0.070312 0.101389
2 0.193164 0.467014 0.062109 0.104861
1 0.136523 0.556597 0.082422 0.136806
1 0.430859 0.327431 0.053125 0.079861
2 0.433594 0.397569 0.052344 0.102083
1 0.409180 0.472569 0.065234 0.103472
3 0.436719 0.592708 0.073438 0.107639
2 0.515039 0.336458 0.051953 0.078472
2 0.517188 0.467361 0.079687 0.116667
2 0.534180 0.568056 0.085547 0.134722
3 0.757031 0.403472 0.045312 0.087500
3 0.844141 0.397917 0.065625 0.091667
2 0.778516 0.472917 0.067187 0.098611
3 0.895117 0.476389 0.058984 0.095833
2 0.965430 0.568403 0.065234 0.138194
3 0.852539 0.571181 0.082422 0.132639
