0 0.210156 0.296528 0.054688 0.077778
0 0.173047 0.350000 0.073438 0.080556
0 0.127539 0.408333 0.072266 0.098611
0 0.062305 0.483681 0.080859 0.114583
0 0.293359 0.293750 0.067187 0.073611
0 0.256055 0.340972 0.070703 0.095833
0 0.234180 0.407986 0.079297 0.096528
1 0.189453 0.467361 0.077344 0.123611
0 0.150977 0.589236 0.105078 0.100694
1 0.440625 0.327778 0.045312 0.083333
1 0.417578 0.395486 0.077344 0.095139
1 0.409180 0.487153 0.093359 0.117361
0 0.402344 0.597917 0.098437 0.118056
2 0.519336 0.467014 0.077734 0.106250
0 0.518555 0.608681 0.123047 0.122917
0 0.848047 0.403472 0.089844 0.088889
2 0.779687 0.478472 0.070312 0.100000
0 0.905664 0.492014 0.097266 0.088194
0 0.859180 0.596181 0.105078 0.109028
0 0.958203 0.579167 0.077344 0.151389
