4 0.294141 0.361574 0.041927 0.103704
4 0.200130 0.434028 0.062240 0.116204
4 0.310026 0.440278 0.062760 0.112037
3 0.203906 0.545370 0.060937 0.144444
1 0.283203 0.556019 0.074219 0.137963
4 0.158984 0.720139 0.090885 0.164352
2 0.461849 0.326620 0.027344 0.093056
2 0.522135 0.332639 0.027083 0.082870
2 0.479557 0.385185 0.032552 0.087963
3 0.494010 0.459722 0.060417 0.105556
3 0.539323 0.382176 0.042188 0.107870
5 0.634766 0.368981 0.047135 0.148148
4 0.603255 0.466435 0.062240 0.109722
4 0.562240 0.551389 0.065104 0.137963
4 0.610547 0.707639 0.075781 0.178241
1 0.656380 0.561806 0.069010 0.145833
4 0.669661 0.457870 0.051302 0.107407
4 0.689714 0.400694 0.038281 0.088426
4 0.754948 0.465046 0.050000 0.093981
2 0.749349 0.562731 0.062240 0.123611
4 0.841016 0.570602 0.062760 0.131019
1 0.715885 0.714583 0.079167 0.156019
1 0.844271 0.709722 0.081771 0.126852
4 0.942969 0.684491 0.069792 0.149537
2 0.844531 0.414352 0.042188 0.097222
4 0.910156 0.422454 0.035937 0.071759
1 0.965755 0.485185 0.055990 0.083333
