3 0.156380 0.720139 0.120573 0.191204
2 0.237370 0.307639 0.039323 0.091204
2 0.286589 0.358333 0.041927 0.107407
2 0.309245 0.444444 0.061198 0.126852
2 0.280339 0.559491 0.068490 0.144907
2 0.205339 0.424074 0.061198 0.119444
2 0.204297 0.558102 0.064844 0.151389
2 0.458464 0.324074 0.032031 0.078704
2 0.477734 0.384722 0.036198 0.103704
2 0.498568 0.465509 0.048177 0.114352
2 0.521745 0.334491 0.025260 0.079167
2 0.540885 0.392130 0.045833 0.094444
2 0.576432 0.556713 0.059115 0.145833
2 0.608984 0.465509 0.044531 0.108796
2 0.633203 0.388657 0.037760 0.101389
2 0.678125 0.467593 0.056771 0.117593
2 0.658724 0.560417 0.070573 0.147685
2 0.748177 0.567593 0.070833 0.124074
2 0.755859 0.468750 0.051302 0.097685
2 0.847786 0.409722 0.041927 0.093519
2 0.906771 0.475231 0.048958 0.102315
2 0.957161 0.484028 0.039323 0.084722
2 0.940755 0.687037 0.059635 0.162037
2 0.843229 0.557176 0.070312 0.131944
2 0.614193 0.704167 0.069010 0.176852
2 0.710547 0.713889 0.066927 0.150000
1 0.847005 0.698148 0.078385 0.155556
