2 0.235417 0.309954 0.041146 0.094907
2 0.286979 0.358796 0.041667 0.100926
3 0.214323 0.359491 0.045312 0.111574
4 0.195182 0.430324 0.048177 0.127315
3 0.309505 0.434722 0.055469 0.126852
3 0.218099 0.549769 0.062240 0.144907
4 0.287370 0.544907 0.070573 0.147222
3 0.293620 0.717361 0.079948 0.194907
2 0.461198 0.318750 0.030208 0.087500
2 0.521354 0.327778 0.031771 0.082407
2 0.474609 0.380324 0.035677 0.087500
2 0.536458 0.390046 0.040104 0.091204
2 0.503516 0.461343 0.058594 0.113426
4 0.608333 0.450000 0.050000 0.130556
2 0.639714 0.391204 0.032552 0.107407
2 0.697917 0.393287 0.040625 0.106019
4 0.672266 0.462269 0.059115 0.123611
4 0.566927 0.559028 0.067708 0.128241
2 0.659505 0.568519 0.060156 0.143519
2 0.759635 0.552778 0.058854 0.144444
2 0.615104 0.703935 0.082292 0.176389
2 0.713932 0.699074 0.076823 0.162963
2 0.848958 0.402083 0.048438 0.100463
2 0.965365 0.472222 0.044271 0.094444
3 0.908073 0.471759 0.059896 0.100000
2 0.853516 0.561574 0.073177 0.149074
2 0.858333 0.704398 0.081771 0.158796
4 0.955208 0.687500 0.068750 0.154630
