0 0.214453 0.297569 0.046875 0.067361
0 0.176172 0.340278 0.060156 0.079167
0 0.129492 0.406944 0.073047 0.093056
0 0.060547 0.488542 0.083594 0.102083
0 0.151367 0.579861 0.100391 0.104167
1 0.186719 0.465625 0.075000 0.115972
0 0.238086 0.406944 0.072266 0.093056
0 0.253906 0.335417 0.075781 0.080556
0 0.293945 0.293056 0.060547 0.066667
3 0.444922 0.334028 0.057031 0.080556
1 0.425781 0.405556 0.071094 0.102778
1 0.393359 0.486458 0.083594 0.100694
1 0.384375 0.578125 0.085938 0.127083
2 0.520312 0.467361 0.078125 0.112500
0 0.519336 0.604167 0.120703 0.126389
1 0.846875 0.405903 0.069531 0.088194
1 0.775391 0.470139 0.066406 0.100000
0 0.902344 0.490278 0.090625 0.102778
0 0.859766 0.583681 0.100000 0.125694
0 0.961523 0.583333 0.076953 0.127778
