4 0.194271 0.441204 0.047917 0.113889
0 0.288542 0.379861 0.067708 0.105093
0 0.306771 0.452778 0.078646 0.112037
3 0.281120 0.549537 0.087240 0.150926
1 0.142708 0.698380 0.093750 0.188426
3 0.250000 0.741898 0.127604 0.143981
0 0.456380 0.326852 0.047656 0.079630
1 0.525260 0.331250 0.030208 0.081019
2 0.482422 0.383565 0.057031 0.096759
0 0.541406 0.390278 0.044792 0.105556
3 0.494010 0.466204 0.090625 0.106481
1 0.638542 0.401620 0.044271 0.093056
1 0.694141 0.399769 0.052865 0.090278
1 0.608464 0.470602 0.071615 0.106944
3 0.557031 0.551389 0.065625 0.140741
1 0.650391 0.559259 0.083073 0.125926
5 0.766797 0.452315 0.046094 0.150926
3 0.760547 0.577778 0.073698 0.101852
0 0.589844 0.721065 0.094271 0.188426
3 0.685547 0.708333 0.072135 0.188889
0 0.866406 0.704861 0.094792 0.155093
