2 0.164062 0.723148 0.116146 0.199074
2 0.234635 0.316667 0.042708 0.084259
2 0.291667 0.367824 0.050521 0.110648
2 0.318620 0.447685 0.051302 0.123148
2 0.217057 0.550000 0.070052 0.137037
3 0.301823 0.550926 0.065625 0.143519
2 0.291797 0.718519 0.084635 0.198148
2 0.461458 0.325694 0.031771 0.090278
2 0.472526 0.387500 0.030990 0.084259
2 0.493620 0.459259 0.050260 0.111111
2 0.536849 0.391204 0.051823 0.090741
2 0.610547 0.460880 0.053385 0.125463
2 0.634635 0.381019 0.040104 0.093519
2 0.686589 0.390741 0.045573 0.094444
2 0.698438 0.465278 0.059896 0.117593
4 0.567969 0.565972 0.058854 0.128241
1 0.656380 0.562963 0.057031 0.127778
1 0.747656 0.556713 0.061979 0.140278
2 0.844922 0.555787 0.063281 0.133796
2 0.606641 0.704861 0.083073 0.169907
2 0.711328 0.701389 0.083073 0.155556
2 0.849870 0.696296 0.073698 0.167593
2 0.941406 0.692824 0.071875 0.153241
2 0.840234 0.408796 0.053385 0.099074
1 0.962630 0.480324 0.042969 0.091204
