0 0.209180 0.295139 0.048047 0.069444
0 0.172852 0.347569 0.067578 0.064583
2 0.128320 0.394444 0.059766 0.094444
0 0.064062 0.483333 0.085156 0.105556
0 0.148242 0.583681 0.110547 0.113194
1 0.188281 0.470833 0.081250 0.108333
1 0.250781 0.342014 0.046875 0.070139
0 0.294141 0.281250 0.060937 0.076389
1 0.398047 0.575000 0.082031 0.126389
1 0.407031 0.468056 0.061719 0.101389
1 0.419141 0.392708 0.050000 0.089583
2 0.523828 0.568056 0.091406 0.141667
3 0.528711 0.467014 0.065234 0.096528
3 0.524414 0.391667 0.050391 0.095833
0 0.503516 0.301042 0.049219 0.064583
2 0.499805 0.253819 0.031641 0.061806
1 0.750781 0.400000 0.052344 0.097222
0 0.839648 0.408333 0.077734 0.098611
0 0.793945 0.483333 0.087109 0.102778
2 0.890039 0.469097 0.064453 0.118750
3 0.838672 0.576389 0.076563 0.122222
3 0.955078 0.564236 0.079687 0.139583
