2 0.231380 0.308102 0.037760 0.079167
2 0.206250 0.437037 0.069792 0.128704
2 0.292708 0.362731 0.046875 0.103241
4 0.310417 0.439815 0.054167 0.135185
2 0.208203 0.558102 0.073698 0.133796
2 0.152995 0.732639 0.080469 0.192130
1 0.286198 0.742130 0.138021 0.205556
1 0.294531 0.553472 0.086458 0.154167
2 0.459635 0.325926 0.032292 0.085185
2 0.482812 0.389583 0.032292 0.089352
2 0.545833 0.385185 0.051042 0.088889
2 0.499089 0.466898 0.084635 0.109722
1 0.632943 0.406944 0.039844 0.094444
2 0.694531 0.405556 0.046875 0.092593
1 0.609766 0.470139 0.058594 0.117130
1 0.668490 0.460185 0.055208 0.118519
1 0.562760 0.577778 0.069271 0.128704
2 0.664844 0.573843 0.069792 0.132870
1 0.755599 0.552546 0.069010 0.142130
2 0.602344 0.700463 0.066667 0.170370
2 0.717448 0.721065 0.081250 0.166204
2 0.858854 0.696991 0.069792 0.157870
2 0.845182 0.551852 0.081510 0.165741
2 0.958333 0.486806 0.047396 0.090278
1 0.936589 0.701852 0.083594 0.149074
1 0.904818 0.471759 0.050260 0.097222
2 0.855859 0.415741 0.051302 0.062037
