1 0.234505 0.315278 0.050260 0.075000
1 0.202995 0.364815 0.061198 0.091667
1 0.191536 0.450231 0.046615 0.098611
1 0.307943 0.442361 0.083073 0.114352
1 0.221094 0.555324 0.067187 0.137500
1 0.294141 0.557870 0.064844 0.130556
1 0.165365 0.703241 0.106771 0.199074
3 0.295573 0.729167 0.080208 0.189815
1 0.448828 0.327083 0.046615 0.078241
1 0.521615 0.334259 0.036458 0.079630
1 0.475781 0.378009 0.047396 0.113426
2 0.545182 0.393056 0.054427 0.093519
1 0.639714 0.386111 0.042448 0.088889
1 0.497135 0.472222 0.097917 0.093519
1 0.611458 0.462963 0.069271 0.140741
1 0.758333 0.478241 0.051042 0.088889
1 0.701302 0.406250 0.042708 0.080093
1 0.563932 0.573148 0.076302 0.118519
1 0.665625 0.575926 0.080729 0.120370
1 0.758724 0.572454 0.075781 0.121759
1 0.845703 0.568287 0.062240 0.129167
1 0.594922 0.714583 0.094010 0.195833
1 0.699740 0.703472 0.105208 0.166204
0 0.840104 0.702083 0.085938 0.166204
1 0.950130 0.696759 0.085156 0.147222
1 0.961328 0.483333 0.053385 0.080556
1 0.905859 0.486574 0.046094 0.086111
1 0.842578 0.415741 0.045052 0.102778
