2 0.235417 0.309491 0.040625 0.086574
4 0.291667 0.344676 0.047917 0.132870
2 0.305859 0.440278 0.058594 0.119444
3 0.205208 0.545139 0.064062 0.169907
3 0.161589 0.708333 0.080469 0.168519
1 0.297656 0.745833 0.110417 0.171296
2 0.457682 0.325000 0.028906 0.100000
2 0.524740 0.328009 0.029167 0.093981
2 0.480208 0.387269 0.039583 0.099537
2 0.544401 0.385417 0.050260 0.094907
2 0.498437 0.463889 0.054167 0.108333
2 0.559635 0.566204 0.062500 0.131481
2 0.605078 0.466435 0.051823 0.108796
2 0.633073 0.387963 0.045312 0.101852
2 0.693880 0.390972 0.042969 0.103241
2 0.677604 0.457639 0.047917 0.113426
2 0.655339 0.559722 0.066927 0.138889
2 0.608984 0.705787 0.067969 0.159722
2 0.718229 0.710648 0.083333 0.140741
2 0.751823 0.550000 0.065104 0.136111
2 0.933333 0.688889 0.064583 0.142593
2 0.845052 0.404861 0.050521 0.101389
2 0.912500 0.475000 0.049479 0.098148
2 0.838802 0.694676 0.073438 0.142130
