2 0.231380 0.309028 0.044010 0.083796
1 0.290234 0.362500 0.049219 0.109259
4 0.194401 0.426852 0.049219 0.136111
2 0.302344 0.443287 0.061979 0.125463
4 0.219792 0.548380 0.070833 0.148611
4 0.300260 0.553472 0.071875 0.161574
2 0.299740 0.728472 0.080729 0.181944
2 0.460026 0.324306 0.024740 0.095833
2 0.522396 0.327083 0.024479 0.082870
2 0.475781 0.381250 0.036979 0.102315
4 0.536979 0.382870 0.038021 0.103704
2 0.642448 0.395833 0.041146 0.098148
2 0.500260 0.461343 0.056771 0.113426
1 0.615495 0.471759 0.054427 0.107407
3 0.693099 0.462500 0.049740 0.113889
4 0.764323 0.464583 0.048438 0.097685
3 0.563932 0.558333 0.061719 0.132407
2 0.660026 0.561343 0.060677 0.134722
2 0.750911 0.554630 0.056510 0.144444
3 0.603125 0.708565 0.075000 0.168056
2 0.712240 0.708796 0.097396 0.152778
2 0.838411 0.688194 0.078906 0.150463
2 0.954167 0.696528 0.063021 0.148611
3 0.847005 0.558102 0.070052 0.129167
1 0.836979 0.403241 0.046354 0.111111
2 0.959505 0.484722 0.053385 0.086111
1 0.885807 0.470602 0.045052 0.111574
