0 0.156380 0.738657 0.132031 0.184722
0 0.305859 0.741204 0.130990 0.192593
3 0.292839 0.554630 0.093490 0.148148
3 0.213932 0.538194 0.060156 0.149537
1 0.222526 0.307870 0.054948 0.073148
1 0.285156 0.351157 0.057813 0.110648
1 0.305339 0.447222 0.085156 0.116667
2 0.464714 0.316435 0.035156 0.105093
2 0.529427 0.326852 0.031250 0.091667
4 0.549219 0.382870 0.042188 0.104630
1 0.483724 0.385880 0.059635 0.092130
1 0.495964 0.466898 0.088802 0.124537
1 0.608073 0.463194 0.063021 0.131019
1 0.639583 0.394676 0.039583 0.095833
1 0.700781 0.385648 0.040104 0.105556
3 0.689323 0.463194 0.067187 0.123611
0 0.554167 0.574074 0.085417 0.146296
0 0.662240 0.559954 0.077083 0.153241
1 0.753906 0.549306 0.061458 0.147685
1 0.850651 0.555093 0.071615 0.133333
1 0.608464 0.693519 0.067969 0.177778
0 0.713672 0.704630 0.096094 0.176852
3 0.855469 0.692361 0.063542 0.155093
3 0.941536 0.691898 0.075260 0.140278
3 0.901302 0.469907 0.056250 0.120370
2 0.962240 0.485417 0.057292 0.093981
1 0.847135 0.408333 0.046875 0.104630
