3 0.236589 0.307176 0.037760 0.092130
4 0.289974 0.359722 0.046094 0.098148
2 0.308594 0.431713 0.055729 0.123611
3 0.212760 0.538426 0.063542 0.152778
4 0.287240 0.546991 0.069271 0.151389
4 0.196224 0.430324 0.051823 0.116204
4 0.182812 0.699769 0.100000 0.177315
3 0.286719 0.709722 0.081771 0.188889
2 0.462630 0.323843 0.033073 0.092130
2 0.520833 0.323843 0.029687 0.090278
1 0.476302 0.383102 0.034896 0.099537
3 0.536719 0.390509 0.038021 0.095833
2 0.500651 0.459722 0.060156 0.112963
4 0.606250 0.455787 0.059375 0.131019
2 0.639193 0.384259 0.038281 0.102778
5 0.696484 0.375694 0.049219 0.146759
4 0.673047 0.461343 0.055990 0.131019
4 0.566406 0.561343 0.066146 0.133796
2 0.659766 0.564352 0.060156 0.141667
2 0.757552 0.555556 0.063542 0.147222
2 0.853516 0.560185 0.065365 0.126852
2 0.615104 0.701852 0.079167 0.169444
4 0.715625 0.701157 0.072396 0.168056
1 0.857552 0.699537 0.083854 0.150000
4 0.957031 0.688657 0.059375 0.154167
2 0.847266 0.409722 0.046615 0.109259
2 0.911849 0.422917 0.036198 0.073611
2 0.960938 0.472685 0.043750 0.096296
