1 0.228906 0.247222 0.033594 0.069444
2 0.208594 0.288542 0.049219 0.086806
1 0.168359 0.332639 0.052344 0.086111
1 0.129883 0.397569 0.051172 0.092361
3 0.073047 0.460069 0.072656 0.114583
2 0.035156 0.556944 0.068750 0.143056
2 0.295703 0.292361 0.033594 0.076389
3 0.257227 0.328472 0.052734 0.095833
1 0.227148 0.392708 0.071484 0.111806
1 0.179297 0.479514 0.071875 0.113194
1 0.143750 0.559028 0.084375 0.131944
1 0.402734 0.578472 0.088281 0.113889
2 0.405273 0.469444 0.074609 0.105556
2 0.520312 0.563194 0.085156 0.154167
2 0.418750 0.398611 0.066406 0.086111
2 0.431836 0.335417 0.046484 0.070833
3 0.516797 0.331250 0.040625 0.073611
3 0.502734 0.259375 0.042188 0.070139
2 0.529687 0.465278 0.066406 0.122222
1 0.750391 0.402778 0.050000 0.086111
1 0.840234 0.399306 0.051562 0.083333
2 0.780859 0.469444 0.082031 0.108333
3 0.854688 0.579861 0.073438 0.113889
3 0.881250 0.464236 0.051562 0.118750
2 0.952930 0.568750 0.080078 0.151389
