2 0.233203 0.307407 0.047656 0.087963
2 0.287240 0.369676 0.046875 0.112500
2 0.311458 0.447454 0.060417 0.118981
2 0.202995 0.427778 0.063281 0.122222
2 0.207422 0.546296 0.062760 0.138889
2 0.280990 0.552778 0.066667 0.130556
3 0.155990 0.720370 0.114583 0.190741
2 0.293620 0.733333 0.086198 0.165741
2 0.458984 0.325000 0.028385 0.088889
2 0.478385 0.384259 0.035937 0.105556
2 0.542708 0.395370 0.048438 0.093519
2 0.501563 0.460880 0.054167 0.109722
2 0.577995 0.559028 0.066406 0.140278
2 0.611068 0.462037 0.051302 0.111111
2 0.634245 0.389352 0.041406 0.101852
2 0.678776 0.462037 0.054427 0.118519
2 0.657422 0.557870 0.071094 0.154630
2 0.615495 0.703009 0.067969 0.161574
2 0.716797 0.716204 0.069010 0.150926
2 0.749870 0.565509 0.069531 0.126389
2 0.760417 0.468519 0.051042 0.113889
2 0.846354 0.556481 0.068229 0.125000
2 0.845964 0.701389 0.078385 0.167593
2 0.935807 0.687731 0.066406 0.148611
2 0.955859 0.475000 0.046615 0.096296
2 0.900781 0.466435 0.054167 0.106944
2 0.846615 0.414120 0.046875 0.088426
