0 0.212500 0.295833 0.050781 0.066667
0 0.175391 0.345139 0.061719 0.075000
0 0.126953 0.396528 0.077344 0.093056
0 0.055078 0.479167 0.081250 0.100000
0 0.295312 0.293750 0.067187 0.063889
3 0.257031 0.329167 0.057031 0.087500
0 0.236133 0.407986 0.086328 0.090972
0 0.181836 0.472569 0.096484 0.129861
0 0.149023 0.585417 0.107422 0.111111
0 0.433398 0.294444 0.073047 0.062500
0 0.438867 0.341319 0.062109 0.067361
1 0.418555 0.472569 0.099609 0.110417
0 0.399609 0.592708 0.096875 0.135417
3 0.523633 0.569097 0.082422 0.150694
3 0.522266 0.465972 0.070312 0.109722
0 0.506836 0.293056 0.055078 0.066667
0 0.957031 0.585764 0.085938 0.136806
0 0.855078 0.586458 0.107813 0.152083
1 0.894727 0.474306 0.061328 0.118056
1 0.770117 0.477083 0.069922 0.106944
1 0.836719 0.407639 0.059375 0.090278
0 0.764844 0.406944 0.072656 0.083333
