2 0.238802 0.306713 0.035937 0.081019
2 0.290104 0.361111 0.046354 0.108333
2 0.201042 0.438194 0.060937 0.120833
2 0.312240 0.446296 0.064583 0.110185
2 0.281771 0.548380 0.079687 0.148611
3 0.202604 0.560648 0.071354 0.130556
2 0.153646 0.705324 0.097396 0.193056
2 0.291927 0.735417 0.096875 0.173611
2 0.458073 0.321991 0.032292 0.090278
2 0.477865 0.385417 0.037500 0.108796
2 0.498828 0.460417 0.049740 0.109722
2 0.541146 0.384954 0.038021 0.093056
2 0.567318 0.553009 0.059635 0.146759
1 0.608724 0.454861 0.045573 0.123611
2 0.673698 0.460880 0.045312 0.119907
2 0.637370 0.382639 0.037760 0.115278
2 0.658073 0.558333 0.070833 0.138889
2 0.750651 0.558565 0.061198 0.129167
2 0.760156 0.459491 0.056771 0.117130
2 0.843880 0.549306 0.067969 0.148611
2 0.612240 0.699074 0.069792 0.181481
2 0.713281 0.703241 0.072396 0.162963
2 0.838932 0.693981 0.076302 0.167593
2 0.939063 0.682176 0.069792 0.156944
2 0.963411 0.483565 0.042969 0.081944
1 0.905339 0.476157 0.053385 0.096759
2 0.843620 0.409491 0.045052 0.103241
