2 0.288411 0.359259 0.042969 0.099074
2 0.199740 0.428704 0.054688 0.123148
2 0.306771 0.447222 0.065104 0.118519
2 0.208073 0.556713 0.061458 0.143056
2 0.280078 0.565509 0.069531 0.141204
2 0.176302 0.706944 0.102083 0.196296
2 0.295312 0.727315 0.083854 0.180556
2 0.458594 0.320370 0.028125 0.093519
2 0.477474 0.387269 0.034635 0.108796
2 0.525651 0.334954 0.032031 0.071759
2 0.501432 0.462963 0.053385 0.119444
2 0.574219 0.559028 0.061979 0.143056
3 0.543099 0.391435 0.046615 0.095833
2 0.634245 0.387731 0.038281 0.102315
2 0.614583 0.461574 0.050521 0.111111
2 0.676172 0.460417 0.051823 0.111574
2 0.661068 0.563657 0.060677 0.149537
2 0.747396 0.562963 0.059375 0.119444
2 0.846354 0.560648 0.058333 0.114815
2 0.758464 0.466435 0.055990 0.106019
2 0.613151 0.705324 0.080990 0.181019
2 0.715104 0.714352 0.067708 0.162037
2 0.839844 0.692361 0.085417 0.156019
2 0.941276 0.688889 0.065365 0.137963
2 0.958203 0.478472 0.050781 0.083796
2 0.907682 0.477083 0.044531 0.103241
