2 0.062891 0.603125 0.122656 0.217361
2 0.176758 0.751042 0.133984 0.290972
2 0.048828 0.284375 0.049219 0.122917
2 0.104883 0.328472 0.052734 0.094444
2 0.152930 0.361806 0.068359 0.148611
2 0.218555 0.449306 0.080859 0.151389
2 0.250195 0.346528 0.058203 0.120833
2 0.577734 0.592361 0.102344 0.231944
2 0.692773 0.542361 0.076953 0.248611
3 0.933789 0.438889 0.091797 0.137500
2 0.850781 0.472917 0.093750 0.161111
2 0.764648 0.376389 0.071484 0.162500
3 0.669336 0.396528 0.056641 0.152778
3 0.614453 0.336806 0.051562 0.119444
2 0.542578 0.340278 0.078125 0.145833
2 0.495508 0.307986 0.037891 0.107639
2 0.436328 0.306944 0.065625 0.120833
