2 0.235937 0.309028 0.040104 0.094907
2 0.289714 0.364120 0.051823 0.102315
1 0.196745 0.440509 0.049740 0.116204
2 0.312891 0.446759 0.066927 0.111111
2 0.221615 0.551620 0.065104 0.149537
4 0.290365 0.556250 0.060417 0.163426
2 0.198568 0.719444 0.086719 0.178704
2 0.293880 0.718056 0.084115 0.192593
2 0.457422 0.321991 0.031510 0.087500
2 0.521875 0.325000 0.029687 0.087963
2 0.474479 0.381481 0.038542 0.092593
2 0.537109 0.390046 0.037240 0.106944
2 0.642448 0.390972 0.038542 0.086574
2 0.501042 0.458102 0.055729 0.109722
2 0.608594 0.457407 0.047917 0.131481
2 0.674870 0.463657 0.051823 0.111574
2 0.564844 0.562500 0.064583 0.118519
2 0.664844 0.565509 0.056250 0.129167
2 0.612240 0.695833 0.081771 0.189815
2 0.713802 0.711111 0.082812 0.161111
2 0.758203 0.566435 0.071094 0.143056
2 0.854427 0.563889 0.076042 0.126852
2 0.854818 0.703935 0.082552 0.168981
2 0.953906 0.690972 0.070833 0.155093
2 0.964714 0.480556 0.045052 0.089815
2 0.905729 0.482870 0.058333 0.090741
2 0.844401 0.401852 0.049219 0.101852
