2 0.032617 0.358333 0.055078 0.125000
2 0.076367 0.403472 0.063672 0.172222
2 0.142578 0.473264 0.099219 0.197917
2 0.228906 0.560069 0.092188 0.221528
1 0.325195 0.688542 0.176953 0.282639
3 0.108789 0.736458 0.177734 0.311806
2 0.290430 0.354167 0.063672 0.111111
2 0.364648 0.377431 0.073047 0.106250
2 0.402930 0.319792 0.052734 0.128472
2 0.458789 0.421875 0.094141 0.177083
1 0.877734 0.617361 0.086719 0.209722
3 0.954688 0.438194 0.088281 0.180556
2 0.799805 0.365278 0.085547 0.150000
1 0.900391 0.371181 0.053906 0.159028
2 0.696094 0.334028 0.059375 0.143056
