3 0.287760 0.725463 0.083333 0.191667
3 0.279687 0.544676 0.081250 0.139352
3 0.195964 0.538657 0.063802 0.148611
2 0.306771 0.446991 0.078646 0.111574
2 0.295964 0.353241 0.057031 0.106481
2 0.198307 0.425000 0.058073 0.120370
2 0.457813 0.319907 0.031250 0.087963
2 0.521094 0.323843 0.034375 0.079167
2 0.480469 0.384954 0.038021 0.104167
4 0.540755 0.389120 0.046094 0.091204
2 0.634505 0.389120 0.040365 0.084722
2 0.697786 0.400231 0.039323 0.093056
3 0.498047 0.460185 0.055469 0.095370
2 0.612760 0.469444 0.047917 0.112963
2 0.673828 0.460417 0.049740 0.122685
2 0.571745 0.556250 0.071094 0.156944
2 0.751823 0.556481 0.067708 0.142593
2 0.845443 0.553935 0.060677 0.139352
2 0.608203 0.710417 0.072135 0.180093
2 0.728125 0.700463 0.073958 0.176852
3 0.842839 0.701852 0.077344 0.173148
2 0.945052 0.678009 0.068750 0.156019
2 0.962370 0.477778 0.039844 0.099074
2 0.904427 0.468519 0.042708 0.105556
2 0.844401 0.405787 0.047135 0.099537
3 0.653646 0.560185 0.067708 0.141667
