4 0.236198 0.311111 0.043229 0.092593
4 0.286198 0.361806 0.042708 0.104167
4 0.203255 0.430787 0.060677 0.117130
4 0.208203 0.551389 0.074219 0.150926
4 0.169401 0.700463 0.084115 0.182407
4 0.283464 0.539583 0.072135 0.151389
4 0.313281 0.437731 0.060417 0.135648
2 0.462891 0.320602 0.030990 0.085648
2 0.520182 0.326852 0.026302 0.077778
2 0.474870 0.387731 0.035156 0.108796
4 0.496875 0.455324 0.065625 0.112500
4 0.536589 0.388194 0.041406 0.102315
4 0.599609 0.459491 0.056510 0.130093
2 0.637240 0.386343 0.036458 0.102315
4 0.691406 0.393056 0.042188 0.096296
4 0.673047 0.467361 0.054948 0.119907
4 0.568099 0.564352 0.063802 0.130556
4 0.661068 0.561343 0.070052 0.144907
4 0.759115 0.557176 0.061979 0.142130
3 0.851953 0.565046 0.066406 0.119907
4 0.609375 0.702315 0.081771 0.187037
3 0.717578 0.699537 0.087240 0.162963
4 0.861068 0.704167 0.073177 0.169444
4 0.952344 0.692824 0.065104 0.150463
4 0.847005 0.407870 0.048177 0.109259
2 0.952865 0.485880 0.048958 0.088426
2 0.897917 0.484028 0.047917 0.096759
