3 0.620508 0.535764 0.081641 0.232639
3 0.129102 0.762847 0.140234 0.263194
2 0.081641 0.364583 0.073438 0.152778
2 0.106445 0.307986 0.051953 0.104861
2 0.176758 0.441667 0.089453 0.125000
2 0.184766 0.337500 0.075000 0.126389
2 0.421875 0.474653 0.062500 0.157639
2 0.494141 0.580556 0.120313 0.236111
3 0.784766 0.447917 0.093750 0.173611
3 0.863867 0.432639 0.086328 0.154167
3 0.682617 0.370139 0.066797 0.127778
2 0.542578 0.323611 0.067187 0.137500
2 0.471289 0.333333 0.063672 0.134722
2 0.427148 0.293403 0.041797 0.127083
2 0.262500 0.285417 0.043750 0.109722
