2 0.853320 0.474306 0.091016 0.163889
2 0.766016 0.380556 0.075781 0.136111
2 0.669922 0.396528 0.072656 0.123611
2 0.612109 0.342708 0.046094 0.142361
2 0.542773 0.343403 0.068359 0.142361
2 0.492578 0.311111 0.032813 0.120833
3 0.431641 0.315625 0.064062 0.145139
3 0.948438 0.433681 0.096875 0.171528
3 0.695312 0.539583 0.115625 0.211111
3 0.571875 0.566667 0.099219 0.294444
3 0.453320 0.489583 0.074609 0.154167
2 0.158398 0.356944 0.069141 0.138889
2 0.188281 0.307292 0.053125 0.100694
2 0.082422 0.336806 0.057031 0.106944
2 0.031250 0.303125 0.047656 0.099306
2 0.069141 0.614236 0.114844 0.224306
2 0.178125 0.737847 0.123438 0.302083
