2 0.159115 0.721296 0.122396 0.188889
2 0.203385 0.557639 0.068229 0.127315
2 0.279818 0.556250 0.060156 0.135648
2 0.200130 0.429861 0.052865 0.114352
2 0.289062 0.368519 0.044271 0.113889
2 0.311589 0.451157 0.067448 0.122685
2 0.233854 0.306019 0.046875 0.077778
2 0.459896 0.320833 0.034896 0.074074
2 0.480208 0.387269 0.033333 0.097685
2 0.523828 0.329861 0.031510 0.067130
2 0.538932 0.393287 0.042448 0.092130
2 0.501172 0.462500 0.056510 0.116667
2 0.566797 0.557639 0.071615 0.127315
2 0.611198 0.462500 0.046875 0.112963
2 0.634375 0.390046 0.040625 0.105093
2 0.695703 0.401620 0.035677 0.094907
2 0.675521 0.460185 0.051562 0.116667
2 0.659766 0.558796 0.072656 0.136111
2 0.615625 0.709259 0.068229 0.175926
2 0.717448 0.700463 0.071354 0.156481
2 0.751432 0.556944 0.070052 0.125000
2 0.759505 0.464815 0.047656 0.101852
2 0.844661 0.417361 0.037240 0.083796
2 0.906120 0.475000 0.046615 0.099074
2 0.951172 0.473843 0.036719 0.100463
2 0.845313 0.552546 0.070312 0.115278
2 0.847526 0.699306 0.082031 0.155093
2 0.943099 0.689583 0.069531 0.173611
