2 0.232292 0.310185 0.040104 0.082407
2 0.289193 0.361806 0.039323 0.098611
2 0.199740 0.432639 0.060417 0.129167
2 0.310026 0.443981 0.052865 0.105556
2 0.200651 0.550694 0.075781 0.137500
2 0.155469 0.724074 0.110417 0.172222
2 0.281510 0.550231 0.064583 0.153241
3 0.295182 0.735417 0.079948 0.167130
2 0.459766 0.325231 0.030990 0.089352
2 0.477734 0.387037 0.034115 0.090741
2 0.522396 0.333796 0.022917 0.067593
2 0.538802 0.392130 0.041146 0.090741
2 0.502214 0.462500 0.055990 0.119444
2 0.575911 0.560417 0.066406 0.139352
2 0.635677 0.389352 0.040104 0.097222
2 0.615885 0.466898 0.053125 0.112500
2 0.673438 0.459722 0.054167 0.106481
2 0.656641 0.561343 0.067969 0.132870
2 0.613411 0.705787 0.075260 0.156944
2 0.713672 0.714120 0.075781 0.146759
2 0.696224 0.398611 0.040885 0.078704
2 0.755599 0.477315 0.062760 0.096296
2 0.750130 0.561574 0.071615 0.130556
2 0.844401 0.564583 0.060156 0.112500
2 0.842057 0.694676 0.080990 0.151389
2 0.942187 0.692824 0.063542 0.124537
2 0.952734 0.481481 0.035677 0.089815
2 0.902474 0.472454 0.050781 0.111574
2 0.842318 0.418056 0.049740 0.087037
