2 0.209766 0.288542 0.046094 0.079861
1 0.171289 0.332292 0.046484 0.085417
2 0.127539 0.396528 0.054297 0.081944
1 0.075781 0.461806 0.064062 0.126389
1 0.027539 0.559375 0.055078 0.143750
1 0.141406 0.561806 0.088281 0.131944
1 0.181836 0.475347 0.077734 0.118750
1 0.227734 0.396875 0.075000 0.102083
2 0.256641 0.334028 0.042969 0.081944
2 0.293750 0.292014 0.049219 0.068750
3 0.388281 0.574653 0.068750 0.134028
2 0.521875 0.569097 0.083594 0.146528
1 0.409766 0.478472 0.064844 0.109722
3 0.434375 0.334722 0.054688 0.080556
2 0.419141 0.405903 0.059375 0.089583
2 0.528906 0.465625 0.063281 0.102083
1 0.513867 0.332986 0.054297 0.075694
1 0.757031 0.399653 0.050000 0.070139
1 0.842187 0.393403 0.060937 0.099306
1 0.776563 0.475694 0.064062 0.104167
2 0.858008 0.573264 0.076172 0.129861
2 0.958398 0.565972 0.073828 0.140278
