1 0.033789 0.565278 0.067578 0.125000
1 0.073438 0.465625 0.058594 0.113194
1 0.129102 0.400347 0.054297 0.090972
1 0.169336 0.336111 0.054297 0.090278
2 0.208984 0.287153 0.042969 0.081250
2 0.141992 0.569444 0.095703 0.119444
2 0.189258 0.460417 0.069922 0.127778
1 0.233008 0.400347 0.066797 0.092361
3 0.258594 0.340625 0.040625 0.088194
2 0.294141 0.285764 0.033594 0.074306
3 0.384766 0.584722 0.078906 0.118056
3 0.433594 0.331597 0.042188 0.081250
2 0.417578 0.395833 0.056250 0.101389
2 0.408008 0.475347 0.067578 0.103472
2 0.521484 0.458681 0.075000 0.107639
2 0.516406 0.560069 0.084375 0.129861
3 0.526367 0.331597 0.048047 0.078472
2 0.841797 0.398264 0.050781 0.096528
2 0.778516 0.471528 0.060937 0.100000
1 0.751172 0.403125 0.047656 0.079861
1 0.840039 0.591667 0.084766 0.119444
2 0.956250 0.572917 0.078125 0.147222
