0 0.215430 0.285764 0.055078 0.085417
0 0.173242 0.341319 0.067578 0.082639
0 0.127734 0.398264 0.067969 0.104861
3 0.083398 0.470486 0.061328 0.117361
0 0.258203 0.340278 0.069531 0.084722
0 0.229297 0.413889 0.086719 0.105556
0 0.185742 0.470833 0.083984 0.119444
1 0.118555 0.576389 0.093359 0.162500
0 0.400000 0.586458 0.100781 0.139583
1 0.416406 0.478819 0.085938 0.109028
0 0.524609 0.605903 0.108594 0.149306
0 0.533008 0.406944 0.073047 0.098611
3 0.514453 0.329861 0.037500 0.081944
3 0.537695 0.489583 0.072266 0.080556
0 0.764258 0.409028 0.065234 0.091667
0 0.795508 0.490972 0.080859 0.094444
0 0.898438 0.489931 0.075781 0.095139
0 0.856055 0.589931 0.098828 0.128472
0 0.964258 0.593056 0.062891 0.119444
1 0.431055 0.330556 0.055078 0.079167
