1 0.206641 0.284722 0.051562 0.084722
1 0.160742 0.343403 0.049609 0.082639
1 0.129297 0.398264 0.053906 0.089583
0 0.063281 0.488194 0.085156 0.097222
2 0.293359 0.290625 0.042188 0.078472
3 0.254883 0.338542 0.048047 0.085417
2 0.235937 0.397222 0.064844 0.112500
1 0.185938 0.461111 0.059375 0.130556
1 0.145898 0.552778 0.080859 0.147222
1 0.401758 0.596875 0.081641 0.114583
1 0.403125 0.469444 0.066406 0.106944
1 0.416016 0.395486 0.062500 0.086806
1 0.516016 0.563542 0.084375 0.134028
3 0.514258 0.401389 0.058203 0.076389
1 0.515039 0.332292 0.050391 0.077083
1 0.433789 0.336111 0.037891 0.069444
1 0.753516 0.406250 0.048438 0.083333
3 0.842578 0.397569 0.059375 0.104861
1 0.779102 0.477083 0.071484 0.097222
2 0.893750 0.474306 0.069531 0.112500
1 0.853320 0.577431 0.084766 0.124306
2 0.957812 0.560069 0.079687 0.138194
