0 0.065234 0.486458 0.087500 0.099306
2 0.130859 0.396528 0.046094 0.094444
0 0.175391 0.350694 0.071094 0.061111
0 0.203320 0.292014 0.054297 0.074306
3 0.228320 0.250347 0.034766 0.061806
1 0.292578 0.285764 0.046875 0.079861
1 0.255469 0.339236 0.048438 0.063194
2 0.233398 0.394444 0.062109 0.104167
1 0.187109 0.464236 0.078906 0.125694
3 0.138086 0.557292 0.071484 0.134028
0 0.417969 0.294444 0.034375 0.073611
2 0.439258 0.335069 0.037109 0.068750
2 0.414258 0.397917 0.065234 0.081944
1 0.407813 0.471528 0.064062 0.101389
1 0.396484 0.589236 0.081250 0.085417
1 0.509180 0.293403 0.051953 0.079861
1 0.528125 0.346181 0.077344 0.064583
1 0.517773 0.567708 0.090234 0.139583
1 0.749219 0.408681 0.046094 0.082639
1 0.839844 0.402083 0.060937 0.100000
1 0.777930 0.481597 0.085547 0.115972
1 0.848242 0.577778 0.076172 0.131944
3 0.952344 0.573611 0.083594 0.133333
