4 0.158203 0.714815 0.110156 0.201852
4 0.289583 0.715278 0.089583 0.159259
4 0.202865 0.543750 0.063021 0.149537
4 0.193490 0.406019 0.050521 0.133333
4 0.289583 0.359722 0.045312 0.117593
4 0.311198 0.443056 0.053125 0.127778
4 0.302604 0.555787 0.075000 0.146759
4 0.462109 0.320139 0.031510 0.092130
4 0.522005 0.331944 0.032031 0.092593
4 0.536979 0.394213 0.043229 0.107870
4 0.566927 0.555556 0.056771 0.137963
4 0.604818 0.460648 0.051302 0.120370
4 0.633854 0.385417 0.043229 0.101389
4 0.693099 0.386574 0.047135 0.110185
4 0.669141 0.459954 0.055990 0.119907
4 0.660807 0.562963 0.066927 0.150000
4 0.607031 0.702083 0.081771 0.193981
4 0.750521 0.563194 0.066146 0.142130
4 0.754167 0.459259 0.050000 0.103704
4 0.833464 0.561806 0.060156 0.141204
4 0.727474 0.692130 0.100260 0.171296
4 0.849740 0.700694 0.073958 0.155093
4 0.956510 0.698843 0.063542 0.146759
4 0.951042 0.468519 0.043229 0.116667
4 0.897135 0.464352 0.051042 0.096296
4 0.833464 0.405324 0.054427 0.102315
