4 0.289714 0.360417 0.044531 0.109722
1 0.202604 0.421759 0.056771 0.137963
4 0.310807 0.444213 0.047656 0.127315
4 0.205729 0.547917 0.058333 0.137500
4 0.282292 0.548380 0.064062 0.155093
4 0.464714 0.320139 0.029427 0.093981
2 0.475260 0.381481 0.040104 0.110185
4 0.493490 0.462500 0.049479 0.109259
2 0.605729 0.452315 0.053646 0.119444
2 0.672135 0.464583 0.052083 0.107870
2 0.693490 0.404398 0.037500 0.081944
2 0.636328 0.396759 0.034115 0.089815
4 0.768229 0.470833 0.041146 0.114815
4 0.556120 0.564352 0.071094 0.134259
2 0.658073 0.558102 0.066667 0.137500
4 0.745313 0.548843 0.058854 0.156944
4 0.840234 0.554630 0.065365 0.132407
4 0.611589 0.700463 0.069531 0.182407
2 0.713542 0.711343 0.068750 0.167130
2 0.848307 0.698148 0.075260 0.157407
4 0.947266 0.694213 0.073177 0.143056
4 0.837760 0.406481 0.042188 0.091667
