0 0.208203 0.290625 0.049219 0.089583
0 0.168555 0.348958 0.062891 0.082639
2 0.123438 0.393403 0.057031 0.099306
0 0.074805 0.498611 0.073047 0.109722
1 0.132227 0.555208 0.092578 0.138194
3 0.186133 0.464583 0.078516 0.120833
0 0.228516 0.409375 0.069531 0.106250
0 0.293945 0.299653 0.062109 0.074306
0 0.429883 0.331597 0.081641 0.096528
0 0.426758 0.405208 0.075391 0.092361
0 0.417187 0.484375 0.080469 0.103472
3 0.400781 0.582986 0.077344 0.121528
1 0.519141 0.398611 0.053125 0.093056
0 0.520117 0.488194 0.109766 0.101389
1 0.535742 0.575694 0.075391 0.129167
0 0.817969 0.366667 0.061719 0.072222
0 0.852344 0.413542 0.069531 0.115972
1 0.783008 0.471181 0.066016 0.103472
0 0.871875 0.598264 0.100000 0.153472
0 0.904492 0.478125 0.085547 0.121528
