5 0.289844 0.325694 0.072917 0.171759
3 0.303125 0.441435 0.057292 0.125463
3 0.234505 0.306713 0.038802 0.093981
1 0.197656 0.439583 0.054167 0.107870
3 0.279818 0.553704 0.064323 0.131481
2 0.159245 0.707407 0.107552 0.165741
2 0.287500 0.740741 0.086979 0.172222
2 0.461198 0.326157 0.029687 0.088426
2 0.475391 0.383796 0.037760 0.101852
2 0.497786 0.462500 0.050781 0.101852
2 0.524219 0.326852 0.029167 0.083333
3 0.532682 0.391435 0.037240 0.093981
2 0.608203 0.468750 0.054948 0.106019
3 0.637109 0.390509 0.041927 0.095833
3 0.696354 0.400000 0.033854 0.087963
3 0.676562 0.461111 0.049479 0.110185
2 0.563542 0.566898 0.063542 0.124537
2 0.657292 0.560880 0.065625 0.141204
2 0.755339 0.555093 0.058073 0.143519
2 0.755990 0.466204 0.048438 0.110185
2 0.843099 0.562731 0.063281 0.149537
2 0.606510 0.703472 0.071354 0.180093
1 0.721224 0.706944 0.070573 0.148148
2 0.851953 0.698843 0.075260 0.155093
2 0.953906 0.686343 0.066146 0.149537
3 0.904557 0.473611 0.080469 0.114815
3 0.844401 0.409028 0.043490 0.094907
