1 0.171875 0.334375 0.054688 0.089583
1 0.126562 0.398958 0.053906 0.095139
2 0.053125 0.469444 0.092188 0.125000
2 0.293359 0.287153 0.042188 0.077083
2 0.266797 0.331250 0.052344 0.083333
1 0.230469 0.392708 0.071094 0.113194
1 0.179883 0.480556 0.078516 0.119444
1 0.141016 0.554167 0.083594 0.141667
1 0.429883 0.285417 0.037891 0.069444
2 0.434180 0.336806 0.037891 0.077778
2 0.416406 0.397222 0.058594 0.094444
2 0.406250 0.472917 0.064844 0.106944
1 0.401172 0.585417 0.082812 0.120833
3 0.515820 0.329167 0.043359 0.084722
3 0.505859 0.254861 0.043750 0.063889
1 0.516016 0.400347 0.053906 0.085417
2 0.521094 0.557292 0.084375 0.140972
1 0.753906 0.405208 0.050781 0.075694
1 0.843359 0.395486 0.053125 0.092361
2 0.785156 0.471528 0.060937 0.101389
3 0.900391 0.468056 0.057031 0.119444
1 0.850781 0.571528 0.085938 0.134722
2 0.953906 0.564931 0.083594 0.136806
