2 0.210352 0.282292 0.048828 0.082639
2 0.170898 0.331597 0.055078 0.088194
2 0.128516 0.400000 0.050781 0.075000
1 0.069336 0.463889 0.075391 0.115278
3 0.034961 0.592708 0.069922 0.084028
2 0.289648 0.287153 0.037891 0.078472
2 0.259180 0.335069 0.046484 0.082639
2 0.230664 0.394792 0.067578 0.090972
1 0.191211 0.464931 0.074609 0.114583
2 0.144531 0.561111 0.079687 0.129167
1 0.381250 0.585764 0.087500 0.103472
2 0.404102 0.473958 0.075391 0.103472
2 0.414062 0.398611 0.058594 0.102778
2 0.525000 0.563889 0.072656 0.156944
3 0.524219 0.461111 0.067969 0.111111
3 0.516602 0.400000 0.041797 0.088889
3 0.529297 0.328819 0.039062 0.086806
1 0.750586 0.405556 0.048828 0.080556
2 0.844141 0.390972 0.057813 0.100000
2 0.776172 0.467708 0.070312 0.109028
3 0.851953 0.571875 0.071094 0.120139
3 0.894531 0.472569 0.050000 0.113194
2 0.955273 0.561111 0.079297 0.148611
