2 0.233464 0.306481 0.039323 0.087963
2 0.290365 0.356250 0.050521 0.111574
2 0.208724 0.358796 0.042448 0.102778
4 0.197526 0.435185 0.061198 0.111111
4 0.308854 0.444444 0.061458 0.116667
4 0.279297 0.551852 0.060156 0.151852
3 0.160286 0.705787 0.094531 0.177315
2 0.296615 0.727546 0.078125 0.177315
2 0.458854 0.326620 0.029687 0.093056
2 0.475781 0.384028 0.040104 0.100463
2 0.533724 0.385880 0.045573 0.106944
2 0.500911 0.462269 0.054948 0.107870
2 0.608854 0.468519 0.056250 0.115741
2 0.634115 0.390509 0.040625 0.108796
5 0.691276 0.378241 0.047656 0.154630
2 0.675521 0.459722 0.048958 0.112963
4 0.755208 0.463657 0.055729 0.106019
2 0.567057 0.571759 0.057552 0.120370
2 0.654297 0.557639 0.071615 0.146759
2 0.754427 0.560185 0.056771 0.131481
2 0.609766 0.703704 0.072656 0.173148
2 0.710938 0.697685 0.080208 0.157407
3 0.853255 0.710417 0.072656 0.143981
2 0.954688 0.691667 0.065625 0.141667
2 0.844010 0.409259 0.050521 0.093519
1 0.901302 0.486111 0.079167 0.091667
