2 0.058398 0.599653 0.108203 0.239583
3 0.207031 0.767361 0.150000 0.295833
2 0.084766 0.338194 0.057813 0.115278
2 0.157227 0.358333 0.067578 0.143056
2 0.185742 0.311111 0.057422 0.098611
2 0.252539 0.347917 0.055859 0.123611
2 0.450000 0.480556 0.067187 0.159722
3 0.568750 0.562847 0.092188 0.290972
3 0.951758 0.428472 0.076172 0.193056
2 0.692969 0.545139 0.123438 0.198611
3 0.849414 0.470486 0.092578 0.172917
3 0.747656 0.374653 0.074219 0.156250
2 0.676758 0.404167 0.083984 0.137500
3 0.609180 0.334028 0.061328 0.140278
3 0.542383 0.341667 0.064453 0.150000
3 0.497852 0.305903 0.045703 0.104861
3 0.431250 0.307986 0.071875 0.135417
