2 0.234505 0.312731 0.039323 0.086574
2 0.287760 0.355093 0.050000 0.104630
2 0.201823 0.429861 0.064583 0.124537
2 0.300651 0.442593 0.059115 0.121296
2 0.206510 0.548611 0.065104 0.137963
2 0.172786 0.710648 0.096094 0.185185
2 0.294922 0.738426 0.094531 0.172222
2 0.459505 0.321065 0.030990 0.082870
2 0.524870 0.333565 0.028385 0.090278
2 0.480599 0.387963 0.032031 0.100926
2 0.542708 0.388426 0.042708 0.083333
2 0.499479 0.457870 0.054688 0.116667
3 0.612891 0.466667 0.052344 0.109259
2 0.634375 0.383333 0.038542 0.100926
2 0.695964 0.389120 0.046094 0.102315
2 0.678516 0.463426 0.054427 0.125000
2 0.564323 0.563426 0.072917 0.125926
2 0.652344 0.558796 0.071875 0.139815
2 0.601693 0.704167 0.071615 0.174074
2 0.717969 0.703704 0.088021 0.162037
2 0.751823 0.556481 0.069271 0.154630
2 0.842448 0.690741 0.070833 0.166667
2 0.928255 0.682870 0.063281 0.146296
2 0.849479 0.405556 0.044792 0.097222
2 0.912370 0.474537 0.057031 0.097222
2 0.959245 0.476620 0.042448 0.098611
