0 0.211523 0.284028 0.059766 0.084722
1 0.172070 0.337153 0.062891 0.097917
2 0.129688 0.391667 0.059375 0.102778
2 0.082422 0.470139 0.060937 0.109722
2 0.136133 0.556944 0.075391 0.130556
2 0.191602 0.462500 0.062891 0.111111
2 0.238281 0.392361 0.081250 0.104167
2 0.260742 0.331250 0.046484 0.093056
2 0.302734 0.287153 0.042969 0.068750
1 0.535352 0.561806 0.084766 0.147222
1 0.518555 0.478819 0.051172 0.099306
2 0.518164 0.400347 0.047266 0.089583
2 0.409375 0.473611 0.057813 0.108333
1 0.500000 0.290625 0.056250 0.064583
1 0.748828 0.400347 0.051562 0.082639
2 0.841406 0.394097 0.055469 0.097917
1 0.784180 0.473264 0.059766 0.095139
1 0.853320 0.565278 0.074609 0.152778
1 0.910156 0.486806 0.064062 0.102778
1 0.963086 0.568750 0.068359 0.147222
