2 0.116406 0.496181 0.038281 0.125694
2 0.157422 0.542361 0.035937 0.144444
4 0.200781 0.635417 0.078125 0.205556
4 0.276562 0.706597 0.080469 0.357639
4 0.398828 0.680208 0.075781 0.286806
2 0.312305 0.589236 0.076172 0.167361
2 0.261719 0.519792 0.057031 0.143750
3 0.206641 0.478819 0.052344 0.110417
2 0.175000 0.440625 0.030469 0.090972
2 0.325195 0.428125 0.038672 0.064583
2 0.389648 0.447569 0.042578 0.111806
2 0.355664 0.387500 0.026172 0.086111
2 0.456055 0.490278 0.051172 0.108333
2 0.546484 0.549653 0.075000 0.156250
2 0.630078 0.550347 0.046094 0.118750
4 0.685156 0.620833 0.092969 0.200000
4 0.776367 0.590625 0.060547 0.181250
3 0.955664 0.526389 0.060547 0.113889
2 0.902539 0.546181 0.066797 0.149306
2 0.820312 0.476389 0.049219 0.113889
2 0.754883 0.474306 0.048828 0.129167
2 0.714648 0.430903 0.037891 0.113194
2 0.577539 0.415972 0.044922 0.094444
2 0.514062 0.390278 0.041406 0.080556
