2 0.138867 0.415625 0.073828 0.197917
2 0.309766 0.401389 0.091406 0.169444
2 0.246484 0.322569 0.065625 0.172917
2 0.377344 0.479167 0.105469 0.261111
3 0.280273 0.672569 0.133203 0.361806
3 0.498047 0.646528 0.102344 0.293056
3 0.398438 0.830556 0.136719 0.337500
3 0.605469 0.852431 0.109375 0.289583
2 0.517578 0.311111 0.070312 0.151389
2 0.613867 0.353125 0.062109 0.200694
2 0.580859 0.226389 0.057031 0.161111
2 0.663281 0.300000 0.065625 0.136111
2 0.916602 0.548264 0.112891 0.328472
2 0.943945 0.259375 0.055859 0.125694
2 0.865430 0.265972 0.076172 0.144444
