0 0.214062 0.296181 0.044531 0.067361
0 0.167969 0.335417 0.075781 0.088889
1 0.124414 0.398264 0.057422 0.086806
1 0.054102 0.465625 0.096484 0.120139
0 0.151367 0.580903 0.100391 0.127083
3 0.187695 0.456944 0.061328 0.120833
1 0.231641 0.402778 0.064844 0.101389
1 0.253125 0.342014 0.042969 0.085417
0 0.293555 0.296528 0.073828 0.062500
0 0.401562 0.600694 0.101562 0.126389
1 0.408008 0.475000 0.073828 0.095833
2 0.415039 0.396181 0.055078 0.092361
2 0.428125 0.330903 0.047656 0.082639
3 0.524414 0.559028 0.082422 0.161111
3 0.527734 0.468750 0.057813 0.106944
0 0.532227 0.350000 0.080078 0.062500
0 0.503516 0.290625 0.056250 0.077083
0 0.841211 0.401389 0.069922 0.100000
1 0.775586 0.471181 0.066016 0.106250
2 0.885547 0.472569 0.064062 0.109028
0 0.868164 0.594097 0.104297 0.115972
