2 0.120898 0.495486 0.045703 0.120139
2 0.159375 0.543056 0.042188 0.141667
2 0.213867 0.479167 0.051172 0.095833
2 0.178320 0.429861 0.036328 0.086111
2 0.255469 0.527431 0.047656 0.134028
2 0.309570 0.595486 0.073828 0.161806
4 0.393750 0.694444 0.067187 0.284722
2 0.324023 0.427431 0.045703 0.065972
2 0.387305 0.445486 0.048828 0.102083
2 0.350586 0.384028 0.035547 0.084722
2 0.449609 0.433333 0.026562 0.102778
2 0.462305 0.497222 0.041797 0.120833
2 0.542188 0.544444 0.054688 0.162500
2 0.628711 0.546181 0.044922 0.121528
2 0.679688 0.628125 0.075781 0.189583
4 0.776758 0.589583 0.059766 0.175000
2 0.892773 0.542708 0.068359 0.156250
1 0.951953 0.530903 0.059375 0.113194
2 0.825586 0.478819 0.048047 0.109028
2 0.753516 0.493056 0.042969 0.130556
2 0.710938 0.436806 0.036719 0.118056
2 0.575000 0.416319 0.046875 0.090972
2 0.513086 0.393750 0.044141 0.070833
