1 0.036914 0.447569 0.073828 0.146528
1 0.091602 0.546181 0.122266 0.161806
1 0.130469 0.886111 0.228906 0.227778
1 0.349805 0.833333 0.182422 0.329167
1 0.180078 0.655903 0.121094 0.240972
1 0.232422 0.373958 0.076563 0.106250
2 0.302148 0.396875 0.070703 0.145139
1 0.416602 0.382639 0.082422 0.118056
1 0.342578 0.346875 0.062500 0.095139
2 0.399805 0.486806 0.087109 0.169444
3 0.504102 0.454514 0.084766 0.188194
1 0.557422 0.574653 0.140625 0.203472
1 0.662109 0.547569 0.071094 0.168750
2 0.747461 0.677083 0.132422 0.336111
1 0.908008 0.633681 0.126172 0.270139
2 0.872266 0.483333 0.075000 0.204167
1 0.821680 0.374306 0.066016 0.190278
1 0.735156 0.401042 0.098437 0.138194
1 0.673438 0.344792 0.054688 0.127083
1 0.600977 0.345833 0.058984 0.163889
1 0.505078 0.330556 0.067969 0.098611
1 0.412305 0.290625 0.061328 0.110417
