3 0.237240 0.308565 0.034896 0.093981
3 0.211328 0.364120 0.045052 0.115278
3 0.287240 0.361806 0.038021 0.106944
3 0.213802 0.543519 0.067708 0.149074
3 0.293750 0.550926 0.071354 0.153704
3 0.135026 0.720370 0.116406 0.162037
3 0.287370 0.746065 0.084115 0.177315
3 0.463151 0.325231 0.025781 0.097685
3 0.522266 0.330556 0.028906 0.082407
3 0.477344 0.380324 0.036979 0.098611
3 0.539453 0.381250 0.046094 0.088426
3 0.499349 0.460648 0.057031 0.112037
3 0.565495 0.547917 0.063281 0.149537
3 0.608984 0.457407 0.042448 0.112037
3 0.631250 0.387037 0.036979 0.111111
3 0.696094 0.396528 0.039583 0.102315
3 0.669531 0.461574 0.052083 0.116667
3 0.649870 0.552083 0.063802 0.145833
3 0.614714 0.707407 0.069531 0.175000
3 0.699740 0.699306 0.070312 0.181944
3 0.758854 0.460880 0.055208 0.114352
3 0.748828 0.564352 0.066406 0.137037
3 0.844792 0.687731 0.068750 0.158796
3 0.844010 0.552546 0.055729 0.136574
3 0.943490 0.683333 0.059896 0.144444
2 0.845182 0.406019 0.040365 0.095370
