0 0.293945 0.294097 0.066016 0.063194
0 0.214258 0.296875 0.048047 0.065972
1 0.174609 0.335764 0.065625 0.090972
1 0.249609 0.334722 0.041406 0.098611
2 0.228125 0.394097 0.069531 0.114583
1 0.063477 0.470139 0.097266 0.116667
1 0.181641 0.466319 0.085156 0.109028
0 0.149414 0.575347 0.104297 0.128472
0 0.400000 0.596528 0.097656 0.130556
2 0.407227 0.472569 0.067578 0.096528
1 0.415039 0.398264 0.055078 0.082639
3 0.518555 0.469444 0.079297 0.108333
2 0.518164 0.561806 0.076953 0.151389
0 0.528711 0.351736 0.079297 0.060417
0 0.508398 0.299653 0.060547 0.057639
3 0.842773 0.401042 0.066797 0.095139
1 0.780273 0.468750 0.058984 0.111111
2 0.893164 0.469444 0.059766 0.123611
3 0.861719 0.579861 0.090625 0.144444
