0 0.210742 0.300000 0.053516 0.073611
0 0.178320 0.348958 0.057422 0.075694
2 0.133594 0.387153 0.061719 0.103472
2 0.081445 0.468750 0.059766 0.106944
1 0.134766 0.558681 0.071875 0.138194
1 0.189062 0.469792 0.074219 0.100694
0 0.233203 0.403819 0.076563 0.104861
3 0.258594 0.328819 0.045312 0.088194
0 0.293750 0.296875 0.053906 0.068750
0 0.424219 0.406250 0.083594 0.095833
0 0.421484 0.495486 0.078125 0.099306
1 0.403516 0.592361 0.086719 0.106944
1 0.433594 0.328472 0.064062 0.084722
3 0.518359 0.400347 0.045312 0.092361
0 0.522852 0.500694 0.092578 0.104167
2 0.533203 0.563542 0.081250 0.132639
1 0.753906 0.400347 0.047656 0.092361
2 0.841211 0.394444 0.056641 0.088889
2 0.781641 0.477431 0.060937 0.090972
2 0.897461 0.470486 0.044922 0.107639
3 0.850391 0.562153 0.083594 0.139583
0 0.488867 0.296181 0.044922 0.086806
