2 0.171289 0.334375 0.052734 0.084028
2 0.122656 0.398264 0.045312 0.100694
2 0.081445 0.468056 0.058203 0.101389
2 0.029492 0.564931 0.057422 0.127083
2 0.139453 0.558681 0.080469 0.153472
2 0.298438 0.284375 0.042969 0.059028
2 0.431641 0.328819 0.048438 0.077083
2 0.429492 0.395139 0.053516 0.095833
2 0.410156 0.472222 0.062500 0.106944
3 0.518555 0.396181 0.057422 0.107639
1 0.522852 0.484375 0.068359 0.088194
1 0.530078 0.566319 0.084375 0.135417
1 0.752930 0.397222 0.040234 0.093056
2 0.844141 0.395486 0.054688 0.096528
1 0.784180 0.463194 0.056641 0.105556
0 0.906250 0.498611 0.075781 0.084722
1 0.853516 0.565625 0.084375 0.135417
1 0.963672 0.573958 0.072656 0.140972
