2 0.207617 0.286806 0.049609 0.070833
2 0.168359 0.335069 0.051562 0.086806
2 0.131445 0.397569 0.051953 0.093750
3 0.066992 0.463194 0.073828 0.116667
2 0.033008 0.561806 0.066016 0.125000
2 0.292773 0.288889 0.036328 0.065278
2 0.258984 0.327431 0.051562 0.096528
2 0.228711 0.392014 0.070703 0.104861
0 0.175195 0.480903 0.080859 0.111806
2 0.144141 0.562153 0.082812 0.138194
2 0.442383 0.289236 0.038672 0.071528
2 0.431836 0.337500 0.033984 0.083333
2 0.426172 0.398264 0.042188 0.085417
2 0.407031 0.466667 0.063281 0.106944
1 0.397656 0.572917 0.085156 0.151389
1 0.513867 0.330208 0.058984 0.084028
2 0.520117 0.555903 0.082422 0.153472
2 0.838867 0.393056 0.063672 0.104167
1 0.783398 0.473264 0.079297 0.113194
2 0.894531 0.469444 0.052344 0.113889
3 0.850195 0.580903 0.066797 0.125694
2 0.951367 0.570486 0.077734 0.140972
