2 0.232422 0.312731 0.041406 0.093981
2 0.288932 0.361111 0.048698 0.112963
2 0.200521 0.428935 0.057292 0.117130
2 0.304557 0.448611 0.065365 0.120370
2 0.202995 0.552546 0.073177 0.135648
2 0.154297 0.721528 0.108594 0.179167
1 0.276302 0.561111 0.061458 0.119444
2 0.293490 0.734028 0.080208 0.178241
2 0.461068 0.321759 0.028385 0.082407
2 0.477995 0.384259 0.029948 0.100000
2 0.497005 0.458333 0.054948 0.117593
2 0.521745 0.329630 0.028385 0.068519
2 0.638021 0.389583 0.037500 0.105093
2 0.687891 0.393981 0.042969 0.097222
2 0.610547 0.462500 0.051823 0.107407
1 0.568490 0.562500 0.070312 0.135185
2 0.653255 0.559722 0.068490 0.141667
2 0.754036 0.557639 0.062760 0.138426
2 0.678776 0.465741 0.055469 0.113889
2 0.757031 0.468750 0.049479 0.093056
2 0.844271 0.558102 0.070833 0.119907
2 0.611328 0.703241 0.070573 0.162963
2 0.714453 0.701852 0.065365 0.168519
2 0.846875 0.692130 0.077083 0.150926
2 0.935937 0.687731 0.070833 0.149537
2 0.956120 0.480093 0.038802 0.092593
2 0.909635 0.470370 0.055208 0.103704
2 0.841536 0.417361 0.050781 0.083796
