0 0.213672 0.289583 0.051562 0.079167
0 0.174609 0.344444 0.064844 0.083333
1 0.126172 0.393403 0.075000 0.104861
1 0.057813 0.469792 0.076563 0.127083
0 0.295117 0.289931 0.069141 0.071528
1 0.252734 0.335069 0.071094 0.103472
1 0.235156 0.411458 0.078125 0.104861
1 0.176758 0.464583 0.097266 0.131944
3 0.516406 0.332639 0.048438 0.098611
4 0.540625 0.407986 0.067969 0.095139
0 0.395703 0.586806 0.114844 0.141667
3 0.512891 0.593403 0.111719 0.159028
0 0.418359 0.480208 0.091406 0.121528
1 0.425195 0.404167 0.077734 0.097222
0 0.513477 0.256597 0.051172 0.072917
1 0.763672 0.401389 0.068750 0.093056
0 0.795898 0.482986 0.087109 0.097917
0 0.848633 0.581597 0.095703 0.136806
0 0.900586 0.495833 0.073828 0.087500
