3 0.233333 0.312037 0.038021 0.087963
4 0.294271 0.359491 0.050521 0.110648
4 0.311589 0.447222 0.060156 0.134259
4 0.200260 0.434259 0.067708 0.125926
4 0.157812 0.716667 0.098437 0.168519
3 0.203646 0.546528 0.059375 0.157870
1 0.280339 0.558102 0.080990 0.140278
2 0.481250 0.385417 0.036458 0.101389
2 0.499089 0.461343 0.049219 0.101389
2 0.540234 0.382639 0.042448 0.102315
2 0.523828 0.327778 0.028385 0.076852
5 0.633333 0.367593 0.051042 0.144444
3 0.561979 0.552315 0.065104 0.140741
3 0.605339 0.459491 0.053385 0.115278
3 0.670703 0.463657 0.054948 0.108796
2 0.670703 0.463657 0.054948 0.108796
2 0.655729 0.559259 0.069271 0.149074
4 0.601432 0.700463 0.064844 0.189815
2 0.709245 0.709954 0.078906 0.150463
2 0.753516 0.561574 0.066927 0.129630
4 0.756901 0.464815 0.054948 0.100926
4 0.844922 0.568981 0.057031 0.142593
1 0.845443 0.712963 0.077344 0.129630
4 0.943490 0.687500 0.068750 0.158333
4 0.849219 0.412731 0.040104 0.093056
4 0.908854 0.421528 0.025000 0.074537
1 0.966536 0.480556 0.042448 0.081481
3 0.908854 0.484954 0.065104 0.097685
