2 0.236849 0.313194 0.042448 0.081019
4 0.292708 0.356481 0.046875 0.124074
4 0.199870 0.425463 0.057031 0.132407
4 0.310937 0.434028 0.046875 0.132870
4 0.207552 0.548148 0.070312 0.145370
4 0.281901 0.545602 0.060156 0.173611
3 0.156641 0.721759 0.104427 0.200926
4 0.536068 0.384954 0.039844 0.101389
5 0.497396 0.440509 0.058333 0.158796
4 0.632552 0.390046 0.040104 0.101389
3 0.693750 0.392130 0.036979 0.100926
4 0.608464 0.471528 0.054427 0.115278
4 0.670833 0.463889 0.044271 0.127778
4 0.573307 0.564352 0.057552 0.153704
4 0.658984 0.561574 0.061198 0.151852
4 0.756510 0.559491 0.063542 0.132870
4 0.757682 0.466898 0.051823 0.102315
4 0.609766 0.701157 0.065365 0.171759
2 0.725260 0.704398 0.072917 0.161574
4 0.847656 0.692824 0.072396 0.165278
4 0.945703 0.687963 0.065885 0.131481
4 0.951302 0.478472 0.045312 0.096759
4 0.843490 0.408333 0.040625 0.117593
4 0.895573 0.473611 0.055208 0.122222
