2 0.026172 0.316667 0.043750 0.077778
2 0.089063 0.336806 0.059375 0.075000
2 0.112109 0.272917 0.043750 0.104167
2 0.160352 0.367361 0.054297 0.122222
2 0.072461 0.570139 0.111328 0.165278
2 0.190234 0.717014 0.109375 0.231250
2 0.248047 0.342014 0.053906 0.100694
2 0.513281 0.548264 0.094531 0.245139
2 0.616406 0.517361 0.072656 0.206944
1 0.763477 0.449653 0.060547 0.139583
3 0.840820 0.423611 0.062891 0.127778
3 0.680859 0.368750 0.067187 0.126389
2 0.602148 0.384375 0.064453 0.135417
2 0.551367 0.326389 0.044922 0.130556
2 0.495703 0.351736 0.062500 0.107639
2 0.454883 0.305556 0.043359 0.098611
2 0.306445 0.289931 0.050391 0.096528
