1 0.211133 0.294444 0.053516 0.090278
1 0.171094 0.331944 0.064844 0.093056
0 0.066797 0.485069 0.079687 0.106250
2 0.129688 0.398611 0.055469 0.091667
1 0.288281 0.278472 0.050781 0.086111
1 0.260547 0.339931 0.046875 0.070139
3 0.232227 0.394097 0.070703 0.102083
1 0.151367 0.547569 0.082422 0.154861
2 0.436523 0.335069 0.037891 0.070139
1 0.419531 0.291667 0.046094 0.079167
2 0.417187 0.397222 0.061719 0.093056
2 0.408203 0.471875 0.067969 0.104861
1 0.395313 0.584722 0.081250 0.113889
0 0.513086 0.295486 0.056641 0.072917
3 0.506641 0.249306 0.043750 0.070833
2 0.520898 0.402778 0.042578 0.093056
2 0.519141 0.561458 0.085156 0.138194
1 0.750000 0.399306 0.046875 0.090278
2 0.837109 0.391319 0.059375 0.095139
1 0.783789 0.481944 0.081641 0.091667
2 0.890039 0.470833 0.058203 0.118056
1 0.851172 0.572569 0.082031 0.128472
2 0.956445 0.566319 0.087109 0.149306
