2 0.233724 0.309491 0.040365 0.096759
2 0.291276 0.363426 0.052865 0.104630
2 0.194661 0.431944 0.058594 0.134259
2 0.309766 0.445833 0.057552 0.126852
2 0.275130 0.552546 0.078906 0.137500
3 0.205469 0.558102 0.063542 0.137500
2 0.167839 0.708796 0.091406 0.190741
2 0.292839 0.732870 0.090885 0.183333
2 0.460938 0.317361 0.027604 0.090278
2 0.480599 0.380787 0.035677 0.098611
2 0.498568 0.468056 0.053906 0.123148
2 0.541406 0.386343 0.041667 0.093056
2 0.635286 0.391898 0.045052 0.092130
2 0.615625 0.467593 0.056250 0.105556
2 0.676953 0.460648 0.055469 0.110185
2 0.694792 0.397917 0.042188 0.093056
2 0.761849 0.468287 0.054427 0.108796
2 0.576302 0.554167 0.067187 0.142593
2 0.658464 0.560185 0.067448 0.137963
2 0.746745 0.560417 0.063802 0.131944
2 0.842448 0.562963 0.067187 0.124074
2 0.611589 0.703241 0.070573 0.170370
2 0.713542 0.710417 0.064583 0.172685
2 0.844271 0.696759 0.073958 0.160185
3 0.940885 0.686806 0.054167 0.151389
2 0.965365 0.484722 0.042708 0.074074
2 0.904818 0.477546 0.052865 0.093981
