3 0.065625 0.262847 0.075781 0.128472
1 0.064453 0.374653 0.088281 0.159028
3 0.052539 0.492014 0.105078 0.199306
3 0.172266 0.448611 0.080469 0.219444
1 0.233594 0.566319 0.193750 0.267361
1 0.389648 0.546528 0.105859 0.206944
1 0.500781 0.686806 0.143750 0.354167
1 0.654297 0.620486 0.156250 0.300694
1 0.170508 0.286111 0.076172 0.120833
1 0.297070 0.317014 0.087109 0.175694
1 0.377148 0.312153 0.071484 0.156250
1 0.451172 0.376736 0.092969 0.179861
1 0.735938 0.419097 0.096094 0.179861
1 0.854102 0.527778 0.112109 0.243056
