2 0.034180 0.356944 0.058203 0.113889
2 0.080664 0.397569 0.074609 0.156250
2 0.141602 0.482292 0.082422 0.181250
2 0.230859 0.564583 0.089844 0.208333
1 0.332813 0.706944 0.198437 0.266667
2 0.283008 0.340625 0.065234 0.124306
2 0.351172 0.386111 0.060156 0.131944
2 0.398633 0.317361 0.051172 0.129167
2 0.458594 0.415625 0.057813 0.189583
2 0.733398 0.614931 0.113672 0.304861
1 0.875586 0.607639 0.098047 0.243056
3 0.952148 0.431597 0.070703 0.196528
2 0.886719 0.383681 0.060937 0.149306
2 0.786328 0.388194 0.079687 0.144444
1 0.678516 0.343403 0.082031 0.139583
