0 0.213477 0.291667 0.052734 0.086111
0 0.170508 0.351042 0.063672 0.092361
0 0.115039 0.403125 0.086328 0.107639
0 0.072070 0.497569 0.086328 0.093750
0 0.296094 0.298611 0.062500 0.075000
0 0.257617 0.346528 0.051172 0.088889
1 0.230859 0.401042 0.061719 0.110417
0 0.196094 0.480903 0.082031 0.145139
0 0.127930 0.586111 0.112109 0.159722
0 0.406641 0.595486 0.092969 0.140972
0 0.416992 0.480208 0.071484 0.111806
0 0.430859 0.401042 0.075000 0.107639
0 0.537500 0.594097 0.114844 0.178472
0 0.520703 0.494097 0.082031 0.110417
0 0.523633 0.405903 0.076172 0.104861
0 0.514062 0.330903 0.071875 0.085417
0 0.492578 0.292708 0.039844 0.074306
0 0.817383 0.360764 0.058984 0.064583
0 0.766016 0.414236 0.064844 0.086806
0 0.854492 0.416319 0.083984 0.092361
0 0.798047 0.495139 0.084375 0.115278
0 0.906641 0.495833 0.070312 0.094444
0 0.869531 0.589931 0.099219 0.168750
