2 0.228385 0.306713 0.047917 0.091204
4 0.292057 0.356019 0.057031 0.120370
4 0.300260 0.548380 0.060417 0.158796
2 0.304688 0.436574 0.059375 0.123148
3 0.175911 0.721991 0.096094 0.175463
2 0.299609 0.732407 0.086198 0.188889
4 0.458724 0.319676 0.034115 0.095833
2 0.477604 0.378472 0.041667 0.106944
3 0.538021 0.382407 0.040625 0.104630
2 0.500651 0.459028 0.060677 0.110648
4 0.560807 0.559491 0.065885 0.127315
2 0.639583 0.396065 0.046354 0.096759
2 0.687891 0.403241 0.034115 0.092593
2 0.704036 0.470370 0.050260 0.117593
2 0.751823 0.562731 0.056771 0.150463
3 0.841406 0.567361 0.064062 0.129167
3 0.605339 0.727546 0.070052 0.176389
2 0.658854 0.556481 0.072396 0.134259
2 0.714714 0.709028 0.095573 0.173611
2 0.843229 0.693287 0.074479 0.163426
2 0.951823 0.695602 0.063021 0.135648
3 0.957682 0.475000 0.050781 0.096296
1 0.904167 0.476157 0.049479 0.111574
3 0.907943 0.403704 0.040885 0.098148
