2 0.167969 0.513194 0.035937 0.094444
1 0.183398 0.562153 0.053516 0.120139
1 0.217578 0.612153 0.039062 0.140972
1 0.253711 0.705903 0.098828 0.184028
2 0.249414 0.510417 0.038672 0.083333
2 0.283789 0.550000 0.051172 0.095833
3 0.332422 0.596528 0.050781 0.122222
1 0.387500 0.678819 0.082812 0.150694
1 0.468945 0.822222 0.104297 0.198611
3 0.343164 0.847222 0.105859 0.250000
2 0.359570 0.480208 0.040234 0.061806
2 0.404687 0.493056 0.045312 0.070833
2 0.423242 0.457986 0.031641 0.068750
2 0.457031 0.522569 0.043750 0.110417
2 0.611133 0.619097 0.069141 0.140972
2 0.684961 0.621528 0.043359 0.100000
2 0.753320 0.699306 0.076172 0.212500
1 0.833008 0.671875 0.085547 0.170139
2 0.967969 0.620833 0.064062 0.175000
1 0.886719 0.554861 0.050000 0.108333
5 0.824023 0.547569 0.069141 0.189583
2 0.778320 0.526042 0.034766 0.095139
2 0.728516 0.520833 0.053125 0.118056
2 0.648438 0.488889 0.050000 0.098611
