1 0.237109 0.312037 0.038281 0.096296
2 0.285807 0.365972 0.053906 0.100463
3 0.198698 0.433565 0.057813 0.098611
4 0.311458 0.444444 0.064062 0.131481
1 0.211849 0.557639 0.070052 0.156019
1 0.278646 0.550231 0.059896 0.156944
3 0.171224 0.718519 0.095052 0.201852
2 0.290625 0.730556 0.084896 0.180556
2 0.461198 0.322222 0.029167 0.091667
2 0.521094 0.329630 0.034375 0.082407
2 0.473698 0.384954 0.036979 0.100463
3 0.535937 0.390278 0.038021 0.096296
2 0.496745 0.457639 0.058073 0.114352
3 0.567578 0.566204 0.058073 0.136111
2 0.610417 0.704630 0.069792 0.169444
2 0.712760 0.700463 0.067708 0.151852
2 0.656771 0.558796 0.063021 0.142593
2 0.604688 0.466898 0.050521 0.111574
2 0.635417 0.390741 0.036979 0.100000
2 0.674349 0.460417 0.053906 0.113426
2 0.697526 0.390972 0.038281 0.087500
2 0.756380 0.462269 0.048698 0.111574
1 0.756120 0.556944 0.062240 0.138889
3 0.847396 0.561111 0.064062 0.130556
2 0.853125 0.704167 0.074479 0.156481
2 0.950911 0.689352 0.063802 0.145370
2 0.972786 0.479398 0.041406 0.087500
4 0.844531 0.405787 0.048958 0.101389
1 0.907031 0.482407 0.065104 0.100926
