3 0.225977 0.250694 0.033203 0.073611
2 0.212500 0.291667 0.050000 0.087500
1 0.172070 0.337500 0.055859 0.095833
3 0.132227 0.401042 0.048828 0.090972
2 0.072656 0.463194 0.062500 0.127778
1 0.031836 0.565972 0.063672 0.136111
2 0.292969 0.290278 0.035937 0.069444
2 0.258984 0.332292 0.048438 0.095139
1 0.183984 0.468056 0.067187 0.145833
1 0.142969 0.567361 0.082812 0.129167
2 0.231055 0.400000 0.075391 0.094444
3 0.432617 0.334028 0.048047 0.088889
2 0.414062 0.397917 0.054688 0.100000
2 0.407031 0.472222 0.066406 0.100000
1 0.392773 0.574306 0.077734 0.129167
2 0.514062 0.566667 0.072656 0.148611
2 0.525391 0.463194 0.073438 0.115278
1 0.755273 0.404514 0.048828 0.078472
2 0.840625 0.393750 0.047656 0.090278
1 0.779297 0.487500 0.083594 0.113889
3 0.892969 0.467361 0.060937 0.118056
3 0.851367 0.577083 0.071484 0.118056
2 0.951758 0.565972 0.073828 0.140278
