2 0.290885 0.365509 0.048438 0.114352
2 0.308333 0.440972 0.051562 0.140278
2 0.198828 0.429861 0.063802 0.132870
2 0.165625 0.709722 0.115104 0.186111
2 0.292318 0.729861 0.083594 0.196759
1 0.275130 0.559722 0.064323 0.140741
2 0.461458 0.321296 0.031250 0.089815
2 0.523698 0.332407 0.029167 0.076852
2 0.479167 0.387037 0.032292 0.097222
2 0.535937 0.390972 0.033333 0.081944
2 0.501953 0.470370 0.050260 0.117593
2 0.636849 0.393750 0.044531 0.099537
2 0.697656 0.402546 0.033854 0.087500
2 0.614974 0.468750 0.050781 0.114352
2 0.577474 0.556019 0.069531 0.137037
2 0.677865 0.462731 0.046875 0.110648
2 0.759505 0.469676 0.046615 0.096759
2 0.663281 0.559491 0.066146 0.148611
2 0.749479 0.561806 0.058854 0.121759
2 0.613151 0.705324 0.072656 0.162500
2 0.716927 0.708102 0.064583 0.177315
2 0.846224 0.560648 0.067448 0.121296
2 0.841667 0.690509 0.083854 0.164352
1 0.941536 0.691898 0.061198 0.167130
2 0.958854 0.481481 0.052604 0.094444
2 0.905339 0.478241 0.058073 0.095370
