0 0.213867 0.297222 0.058984 0.069444
0 0.176563 0.349653 0.064062 0.075694
1 0.176563 0.349653 0.064062 0.075694
1 0.127344 0.398958 0.062500 0.109028
1 0.076758 0.467361 0.073828 0.129167
0 0.151953 0.575347 0.095312 0.125694
3 0.189258 0.460417 0.089453 0.122222
1 0.229883 0.387847 0.064453 0.109028
1 0.258203 0.332986 0.042969 0.095139
0 0.295703 0.293056 0.065625 0.075000
3 0.433789 0.333681 0.044141 0.067361
2 0.416797 0.400694 0.058594 0.090278
2 0.410352 0.479514 0.066016 0.103472
1 0.379102 0.584028 0.087109 0.137500
0 0.503320 0.297222 0.043359 0.065278
3 0.519141 0.399306 0.042188 0.086111
2 0.525195 0.467708 0.069922 0.102083
2 0.521289 0.564931 0.081641 0.134028
3 0.847852 0.399653 0.053516 0.095139
0 0.795508 0.489583 0.088672 0.088889
2 0.894336 0.472569 0.048047 0.109028
3 0.858789 0.568403 0.065234 0.127083
2 0.954102 0.569097 0.074609 0.143750
