2 0.239974 0.310880 0.047656 0.085648
2 0.288802 0.364815 0.046354 0.108333
4 0.204557 0.437037 0.068490 0.115741
2 0.309766 0.445370 0.053385 0.124074
2 0.284635 0.558565 0.067708 0.163426
2 0.206120 0.557870 0.067448 0.179630
2 0.163411 0.716204 0.092448 0.194444
2 0.522917 0.330093 0.030208 0.079630
2 0.479557 0.384028 0.028906 0.102315
2 0.541146 0.387269 0.040104 0.093981
2 0.497135 0.456713 0.053646 0.109722
2 0.610807 0.457870 0.052344 0.127778
2 0.641146 0.400926 0.035937 0.088889
2 0.679427 0.465972 0.046875 0.114352
2 0.566536 0.553009 0.064844 0.148611
2 0.654948 0.559722 0.065625 0.146296
2 0.743359 0.556481 0.058073 0.134259
2 0.766927 0.468750 0.044792 0.106944
2 0.835938 0.551620 0.065625 0.142130
2 0.611068 0.704398 0.066927 0.172685
2 0.714063 0.693287 0.074479 0.181019
2 0.851172 0.695139 0.065885 0.150463
2 0.944531 0.687731 0.065625 0.133796
2 0.840234 0.419676 0.056510 0.089352
2 0.885417 0.463889 0.039583 0.106481
2 0.940234 0.475463 0.050260 0.092593
