2 0.234245 0.313426 0.039844 0.084259
2 0.210286 0.354630 0.035156 0.108333
2 0.202214 0.434722 0.061719 0.122222
2 0.290625 0.361806 0.044792 0.111574
2 0.313542 0.447454 0.062500 0.114352
2 0.197266 0.556944 0.076823 0.137963
2 0.277083 0.550231 0.072396 0.158796
2 0.160026 0.730093 0.105469 0.194444
2 0.291016 0.739583 0.090885 0.190278
2 0.460417 0.322917 0.031771 0.092130
2 0.477474 0.385880 0.033073 0.101389
2 0.497917 0.456250 0.056250 0.129167
2 0.522917 0.337037 0.026042 0.078704
2 0.538802 0.393519 0.041667 0.098148
2 0.570312 0.559722 0.061458 0.158333
2 0.610807 0.460185 0.046615 0.115741
2 0.635807 0.386111 0.038802 0.100926
2 0.676562 0.464583 0.056250 0.106944
2 0.694922 0.400694 0.036719 0.083796
2 0.659375 0.556019 0.077604 0.152778
2 0.748568 0.564815 0.065365 0.126852
2 0.758203 0.472454 0.049740 0.103241
2 0.615885 0.706019 0.067187 0.161111
2 0.714714 0.709722 0.065365 0.154630
2 0.846484 0.698380 0.071094 0.150463
2 0.840104 0.558565 0.066667 0.130093
2 0.844792 0.413657 0.053646 0.093056
2 0.905859 0.465741 0.044010 0.113889
2 0.951693 0.476157 0.038281 0.097685
2 0.937500 0.693056 0.064583 0.154630
