2 0.229297 0.311343 0.047135 0.091204
2 0.290625 0.361574 0.050000 0.104630
2 0.205469 0.431250 0.066146 0.138426
2 0.308724 0.451389 0.058073 0.116667
2 0.204036 0.551389 0.067448 0.147222
2 0.279297 0.557407 0.057552 0.150926
2 0.167318 0.723380 0.095052 0.185648
2 0.293359 0.739583 0.083594 0.190278
2 0.460938 0.323843 0.030208 0.095833
2 0.478906 0.385417 0.036458 0.105093
2 0.501693 0.465972 0.053906 0.107870
2 0.538932 0.388889 0.035677 0.101852
2 0.607292 0.464120 0.059375 0.106944
2 0.631510 0.389120 0.045833 0.093056
2 0.678125 0.468056 0.054167 0.122222
2 0.577865 0.556481 0.071875 0.138889
2 0.657031 0.559722 0.069271 0.146296
2 0.758594 0.471759 0.051042 0.109259
2 0.843620 0.409491 0.040365 0.085648
2 0.750391 0.563426 0.070573 0.123148
2 0.613411 0.708102 0.075260 0.170833
2 0.715234 0.709028 0.073177 0.148611
2 0.848437 0.693519 0.072396 0.165741
2 0.846224 0.560185 0.062240 0.119444
2 0.956641 0.477778 0.037240 0.087037
2 0.904818 0.478241 0.053385 0.096296
2 0.939193 0.686574 0.070052 0.156481
