2 0.346484 0.395833 0.052344 0.115278
2 0.391016 0.440278 0.051562 0.151389
2 0.528906 0.605556 0.082812 0.198611
2 0.433398 0.519444 0.107422 0.186111
1 0.337695 0.613889 0.069922 0.251389
3 0.337695 0.613889 0.069922 0.251389
3 0.380078 0.794444 0.157031 0.362500
1 0.640820 0.763889 0.159766 0.293056
2 0.592773 0.393750 0.069922 0.097222
2 0.671875 0.423958 0.054688 0.132639
2 0.895312 0.465625 0.075781 0.145139
2 0.884180 0.596875 0.098047 0.185417
2 0.897070 0.352083 0.062109 0.106944
2 0.967383 0.345486 0.042578 0.142361
