2 0.043164 0.508681 0.086328 0.190972
2 0.068164 0.310069 0.070703 0.111806
2 0.141016 0.648611 0.117969 0.255556
3 0.081055 0.850000 0.157422 0.294444
3 0.280859 0.827431 0.105469 0.302083
2 0.165625 0.343056 0.070312 0.108333
2 0.236914 0.382292 0.065234 0.182639
2 0.264844 0.313194 0.057813 0.119444
2 0.349219 0.351042 0.071094 0.136806
2 0.339844 0.468750 0.085156 0.150000
2 0.609961 0.519444 0.059766 0.193056
2 0.694531 0.651042 0.139063 0.303472
2 0.850586 0.605903 0.099609 0.268750
2 0.436133 0.305556 0.053516 0.134722
2 0.619336 0.323611 0.044922 0.125000
2 0.670703 0.384028 0.081250 0.147222
2 0.748437 0.343750 0.057031 0.163889
2 0.816016 0.420833 0.075781 0.170833
3 0.920703 0.413194 0.085938 0.166667
