0 0.215234 0.294097 0.055469 0.068750
3 0.175391 0.336806 0.064844 0.095833
1 0.132422 0.395833 0.054688 0.093056
1 0.061719 0.463542 0.070312 0.107639
0 0.149805 0.581250 0.104297 0.122222
0 0.299805 0.293403 0.054297 0.056250
3 0.258008 0.331597 0.044922 0.109028
2 0.230273 0.394444 0.066797 0.109722
2 0.196484 0.474306 0.075781 0.095833
1 0.439063 0.340278 0.039844 0.066667
2 0.416797 0.401736 0.057813 0.090972
1 0.408008 0.476389 0.062891 0.095833
0 0.398828 0.588889 0.101562 0.137500
0 0.509375 0.301389 0.056250 0.069444
3 0.515820 0.562153 0.083203 0.143750
3 0.524023 0.468403 0.064453 0.103472
0 0.844336 0.398958 0.066016 0.100694
0 0.784766 0.477431 0.084375 0.113194
3 0.887305 0.464931 0.067578 0.111806
0 0.863867 0.601389 0.109766 0.108333
2 0.956055 0.568750 0.060547 0.141667
