4 0.207422 0.292708 0.045312 0.093750
4 0.166992 0.337847 0.065234 0.097917
4 0.120313 0.390625 0.057813 0.118750
5 0.050195 0.527431 0.082422 0.235417
4 0.138867 0.566319 0.086328 0.157639
4 0.188281 0.479167 0.084375 0.148611
1 0.237891 0.388542 0.067969 0.099306
4 0.254688 0.317014 0.065625 0.125694
2 0.296875 0.285069 0.054688 0.085417
4 0.433984 0.329514 0.067187 0.088194
4 0.421484 0.404167 0.073438 0.101389
2 0.414258 0.485417 0.074609 0.108333
0 0.409961 0.598958 0.092578 0.145139
0 0.535156 0.589931 0.101562 0.172917
3 0.520508 0.475000 0.091797 0.108333
2 0.529102 0.403472 0.060547 0.100000
2 0.518359 0.329167 0.063281 0.093056
1 0.766797 0.410069 0.054688 0.079861
0 0.857617 0.415972 0.076172 0.091667
0 0.798633 0.493056 0.083203 0.105556
0 0.911133 0.492361 0.067578 0.115278
3 0.869531 0.581597 0.087500 0.178472
1 0.970703 0.570486 0.058594 0.143750
