0 0.213477 0.300000 0.047266 0.084722
0 0.172656 0.356250 0.062500 0.084722
2 0.127539 0.394097 0.052734 0.097917
0 0.073828 0.489931 0.074219 0.132639
0 0.124219 0.588194 0.098437 0.170833
0 0.296094 0.302431 0.062500 0.071528
3 0.259375 0.335069 0.053125 0.090972
0 0.230664 0.409722 0.063672 0.120833
3 0.194922 0.472569 0.082031 0.134028
2 0.426758 0.289583 0.033203 0.072222
0 0.432031 0.400347 0.070312 0.107639
0 0.419531 0.493750 0.071875 0.088889
1 0.408203 0.578819 0.085156 0.132639
0 0.488477 0.298958 0.037891 0.077083
3 0.517969 0.394097 0.036719 0.099306
3 0.518945 0.486111 0.102734 0.105556
2 0.533789 0.565625 0.076172 0.134028
0 0.815625 0.365972 0.064844 0.056944
0 0.767188 0.421528 0.060156 0.072222
0 0.849609 0.423958 0.069531 0.084028
0 0.799023 0.500347 0.085547 0.115972
0 0.876563 0.596875 0.100781 0.154861
0 0.968555 0.593403 0.062891 0.129861
