0 0.214648 0.297569 0.043359 0.061806
3 0.174219 0.332986 0.057031 0.082639
2 0.132227 0.401042 0.048828 0.092361
1 0.066992 0.471875 0.066016 0.103472
0 0.292578 0.296875 0.066406 0.059028
3 0.254688 0.334028 0.044531 0.108333
2 0.231836 0.390625 0.066797 0.107639
1 0.187500 0.471528 0.071094 0.109722
0 0.147461 0.583333 0.103516 0.131944
0 0.433789 0.296528 0.062891 0.061111
1 0.435742 0.341667 0.041797 0.069444
2 0.435742 0.341667 0.041797 0.069444
2 0.416211 0.399653 0.055859 0.093750
1 0.414258 0.477431 0.062891 0.096528
1 0.391406 0.572569 0.083594 0.140972
0 0.391406 0.572569 0.083594 0.140972
0 0.508398 0.292014 0.055078 0.068750
1 0.527539 0.466667 0.073828 0.106944
1 0.516406 0.563542 0.088281 0.132639
0 0.768555 0.412153 0.080078 0.070139
0 0.844141 0.408333 0.063281 0.091667
0 0.795117 0.487153 0.087891 0.095139
2 0.895312 0.474306 0.050781 0.115278
0 0.861328 0.576736 0.092969 0.136806
3 0.954883 0.569444 0.070703 0.136111
