2 0.036719 0.290972 0.050000 0.090278
2 0.097852 0.376389 0.066016 0.154167
2 0.187500 0.352778 0.063281 0.108333
2 0.175586 0.446528 0.062891 0.129167
2 0.126758 0.772569 0.119141 0.286806
2 0.315430 0.481250 0.091797 0.215278
5 0.617383 0.508681 0.084766 0.321528
3 0.860938 0.431250 0.075000 0.127778
2 0.793945 0.482292 0.100391 0.184028
2 0.694141 0.381250 0.083594 0.136111
2 0.354883 0.322569 0.063672 0.120139
1 0.277930 0.303472 0.057422 0.084722
2 0.431055 0.309375 0.044141 0.109028
2 0.553906 0.336806 0.050000 0.147222
