4 0.215625 0.288194 0.046875 0.086111
3 0.168555 0.335069 0.046484 0.084028
4 0.118359 0.393056 0.077344 0.097222
2 0.084766 0.467361 0.052344 0.109722
2 0.299609 0.287500 0.037500 0.077778
2 0.263672 0.329167 0.046875 0.093056
2 0.232031 0.394097 0.064844 0.102083
1 0.183984 0.466667 0.071094 0.118056
2 0.131250 0.569444 0.065625 0.129167
4 0.439844 0.297917 0.038281 0.138889
1 0.432031 0.397222 0.050000 0.105556
2 0.407813 0.469097 0.056250 0.096528
2 0.396875 0.572222 0.075000 0.125000
4 0.504687 0.330556 0.038281 0.090278
3 0.531836 0.459028 0.069141 0.111111
4 0.964063 0.525000 0.059375 0.200000
4 0.894141 0.461806 0.069531 0.130556
2 0.838672 0.397222 0.051562 0.093056
4 0.865625 0.537153 0.071875 0.217361
4 0.783594 0.447917 0.054688 0.151389
