2 0.231771 0.313889 0.045833 0.093519
2 0.285938 0.367130 0.040625 0.100926
2 0.199740 0.432870 0.053646 0.108333
2 0.303385 0.439815 0.055729 0.139815
2 0.208984 0.562500 0.063281 0.144444
1 0.276172 0.564583 0.060677 0.142130
2 0.157161 0.715741 0.100260 0.195370
2 0.291016 0.734954 0.084115 0.186574
2 0.460026 0.320370 0.029427 0.087963
2 0.522135 0.330787 0.029167 0.084722
2 0.475651 0.387269 0.034635 0.104167
4 0.536979 0.398380 0.044271 0.087500
2 0.636849 0.391667 0.039844 0.111111
2 0.499349 0.458102 0.062240 0.114352
2 0.610807 0.462269 0.049740 0.120833
3 0.676432 0.463657 0.053906 0.123611
2 0.693620 0.401157 0.035677 0.082870
2 0.578125 0.553009 0.061458 0.136574
2 0.655339 0.558102 0.068490 0.140278
4 0.746354 0.554861 0.058854 0.127315
4 0.761849 0.465278 0.049219 0.107407
2 0.846875 0.406250 0.046354 0.105093
1 0.964453 0.473148 0.047656 0.093519
2 0.908464 0.480324 0.054948 0.090278
2 0.846875 0.566435 0.065625 0.142130
2 0.611458 0.705324 0.075000 0.180093
2 0.718880 0.709722 0.073177 0.160185
2 0.841797 0.703009 0.080469 0.168981
2 0.938672 0.687269 0.065885 0.164352
