3 0.233724 0.309028 0.044010 0.096759
4 0.289714 0.358565 0.052344 0.118981
4 0.312109 0.440741 0.055469 0.128704
1 0.200781 0.437269 0.059375 0.111574
2 0.209766 0.556250 0.074219 0.142130
2 0.281641 0.547454 0.060156 0.154167
3 0.166016 0.716204 0.108594 0.172222
2 0.290625 0.742593 0.085938 0.164815
2 0.461198 0.326620 0.027604 0.084722
2 0.521484 0.333102 0.026302 0.085648
2 0.476172 0.384028 0.039844 0.099537
2 0.534245 0.389815 0.035677 0.090741
2 0.636849 0.392130 0.040885 0.087963
2 0.697526 0.402083 0.034115 0.087500
2 0.497396 0.460880 0.050521 0.111574
2 0.607552 0.467824 0.049479 0.104167
3 0.676562 0.460880 0.046354 0.109722
2 0.755729 0.466204 0.054688 0.095370
2 0.565104 0.577083 0.062500 0.131019
2 0.662760 0.566204 0.063021 0.135185
2 0.756641 0.561574 0.057031 0.137037
1 0.851953 0.559491 0.056510 0.131944
2 0.612240 0.701389 0.071875 0.174074
2 0.713021 0.696991 0.069271 0.165278
2 0.850130 0.706250 0.068490 0.143056
2 0.952865 0.693750 0.065104 0.149537
1 0.952865 0.693750 0.065104 0.149537
1 0.965625 0.484028 0.044271 0.070833
1 0.905339 0.498148 0.057031 0.080556
