2 0.066797 0.495139 0.089844 0.152778
1 0.142969 0.568056 0.098437 0.201389
1 0.244531 0.700694 0.158594 0.231944
2 0.155078 0.882986 0.167187 0.234028
2 0.373633 0.872917 0.162891 0.248611
2 0.193359 0.382639 0.066406 0.084722
2 0.269336 0.403472 0.055078 0.126389
2 0.302539 0.338194 0.046484 0.109722
2 0.357227 0.446181 0.075391 0.171528
2 0.439258 0.532986 0.061328 0.159028
1 0.727148 0.604861 0.073828 0.156944
2 0.826953 0.723264 0.126562 0.335417
2 0.939453 0.678819 0.100000 0.279861
1 0.452734 0.421875 0.057031 0.109028
2 0.456445 0.334722 0.056641 0.090278
2 0.651563 0.388542 0.064844 0.139583
1 0.743555 0.382292 0.041797 0.135417
2 0.787109 0.444444 0.073438 0.154167
1 0.872070 0.435764 0.054297 0.163194
5 0.942187 0.457292 0.094531 0.260417
