3 0.237500 0.309954 0.044792 0.079167
3 0.285417 0.360880 0.044792 0.094907
4 0.204557 0.423380 0.060677 0.126389
3 0.304036 0.439120 0.057552 0.129167
3 0.204557 0.550926 0.072656 0.139815
3 0.283724 0.559028 0.061198 0.133796
3 0.166927 0.723611 0.096354 0.173148
1 0.285677 0.744907 0.103125 0.178704
3 0.459896 0.323148 0.029167 0.089815
3 0.524609 0.333102 0.034115 0.084722
3 0.478776 0.389120 0.032552 0.096759
1 0.553516 0.386806 0.048177 0.100463
2 0.635417 0.390278 0.046354 0.096296
2 0.694141 0.395139 0.042448 0.085648
2 0.500260 0.460648 0.060417 0.106481
2 0.612240 0.473380 0.051042 0.114352
3 0.676172 0.459491 0.053906 0.117130
3 0.754687 0.478704 0.057813 0.097222
1 0.566797 0.551389 0.070052 0.144444
2 0.654687 0.560417 0.062500 0.135648
2 0.745182 0.561343 0.060677 0.110648
3 0.841536 0.556944 0.066406 0.119444
2 0.605469 0.703009 0.073438 0.177315
3 0.717708 0.702083 0.076563 0.181944
2 0.848047 0.699074 0.072135 0.162963
2 0.936589 0.675231 0.051302 0.147685
2 0.958203 0.482639 0.041927 0.093981
3 0.910417 0.478009 0.045312 0.094907
5 0.848437 0.386111 0.048958 0.144444
