2 0.099023 0.458681 0.033203 0.092361
2 0.141992 0.540278 0.051172 0.154167
2 0.193164 0.624306 0.077734 0.204167
2 0.280859 0.766319 0.096875 0.274306
2 0.150586 0.411806 0.026172 0.083333
2 0.175977 0.436111 0.038672 0.083333
2 0.210352 0.473958 0.050391 0.103472
2 0.259180 0.528819 0.065234 0.129861
2 0.317578 0.608333 0.071094 0.158333
2 0.410156 0.718750 0.084375 0.208333
2 0.290625 0.406944 0.038281 0.062500
2 0.339062 0.422569 0.039062 0.070139
2 0.385156 0.444444 0.052344 0.109722
2 0.405469 0.403125 0.038281 0.082639
2 0.450977 0.496875 0.050391 0.106250
2 0.458398 0.426736 0.042578 0.097917
2 0.525781 0.473958 0.034375 0.104861
2 0.547266 0.544792 0.054688 0.168750
2 0.623242 0.550347 0.040234 0.122917
2 0.672852 0.623611 0.094141 0.208333
2 0.769531 0.599306 0.059375 0.176389
2 0.458008 0.370139 0.036328 0.068056
2 0.512305 0.395486 0.032422 0.071528
2 0.580273 0.410764 0.044141 0.090972
2 0.661133 0.443750 0.044141 0.115278
2 0.756055 0.482986 0.048828 0.095139
2 0.819141 0.474653 0.049219 0.114583
2 0.893359 0.538889 0.062500 0.163889
2 0.954102 0.525347 0.068359 0.139583
