1 0.233398 0.254861 0.029297 0.072222
2 0.209961 0.288542 0.048047 0.088194
2 0.168359 0.334028 0.051562 0.088889
2 0.126562 0.401042 0.054688 0.082639
1 0.072656 0.463889 0.070312 0.119444
2 0.294922 0.287500 0.038281 0.072222
2 0.261328 0.333681 0.043750 0.086806
2 0.231445 0.397222 0.063672 0.100000
1 0.187500 0.455903 0.068750 0.128472
2 0.146680 0.560417 0.090234 0.125000
3 0.439844 0.328472 0.044531 0.079167
2 0.416797 0.400347 0.052344 0.097917
2 0.408008 0.476042 0.060547 0.103472
3 0.384570 0.581597 0.073047 0.131250
3 0.531445 0.328472 0.040234 0.095833
3 0.523047 0.464236 0.066406 0.113194
2 0.520898 0.560417 0.081641 0.134722
1 0.751758 0.404167 0.052734 0.083333
2 0.840039 0.403819 0.051953 0.089583
2 0.782813 0.477778 0.060156 0.104167
3 0.879883 0.470139 0.052734 0.125000
3 0.849609 0.573264 0.073438 0.122917
2 0.957617 0.565972 0.073828 0.134722
