2 0.091992 0.464236 0.062109 0.214583
2 0.400781 0.627778 0.106250 0.309722
2 0.361133 0.472917 0.062109 0.268056
2 0.541406 0.649653 0.082031 0.202083
2 0.653711 0.780556 0.148047 0.400000
2 0.819922 0.733681 0.114844 0.310417
3 0.900781 0.486111 0.085938 0.195833
2 0.786719 0.514931 0.079687 0.160417
2 0.707812 0.434375 0.085156 0.207639
3 0.707812 0.434375 0.085156 0.207639
3 0.608398 0.457986 0.076172 0.179861
2 0.553320 0.382292 0.061328 0.161806
2 0.458789 0.398958 0.080078 0.184028
2 0.318750 0.373611 0.044531 0.152778
