2 0.235807 0.312500 0.040885 0.091667
2 0.204427 0.363194 0.048438 0.096759
2 0.288411 0.364120 0.044010 0.092130
2 0.199219 0.438889 0.057292 0.103704
2 0.310807 0.442824 0.052865 0.121759
2 0.214323 0.555093 0.059896 0.130556
1 0.302474 0.552546 0.062760 0.140278
2 0.297526 0.730556 0.078906 0.185185
2 0.460938 0.317361 0.029167 0.089352
2 0.522526 0.327315 0.030990 0.087037
2 0.472526 0.388889 0.037240 0.098148
2 0.537760 0.391435 0.048958 0.087500
2 0.494531 0.459028 0.055729 0.115278
2 0.633594 0.395139 0.046354 0.094907
2 0.697005 0.397222 0.035677 0.086111
2 0.609245 0.471296 0.048177 0.112963
2 0.672786 0.459722 0.049219 0.117593
1 0.572526 0.574074 0.049740 0.126852
2 0.655469 0.567361 0.067708 0.146759
2 0.747656 0.553704 0.051562 0.146296
2 0.609505 0.700694 0.078385 0.182870
2 0.720443 0.708333 0.083073 0.152778
2 0.842318 0.566667 0.066927 0.114815
2 0.846484 0.696528 0.075260 0.166204
2 0.940104 0.686574 0.069271 0.155556
2 0.841797 0.417130 0.040365 0.097222
