6 0.129102 0.501042 0.202734 0.215972
6 0.215820 0.375347 0.147266 0.149306
1 0.208789 0.280903 0.049609 0.085417
2 0.299023 0.287500 0.048828 0.070833
3 0.234180 0.252083 0.035547 0.084722
6 0.466992 0.256250 0.096484 0.102778
6 0.461328 0.359028 0.153125 0.156944
2 0.411914 0.470486 0.063672 0.102083
1 0.387109 0.585417 0.100000 0.145833
6 0.500977 0.523611 0.071484 0.234722
3 0.752344 0.400347 0.046094 0.075694
2 0.839258 0.400000 0.055859 0.083333
2 0.779297 0.473958 0.060156 0.093750
3 0.890820 0.469444 0.050391 0.105556
3 0.851758 0.575000 0.071484 0.148611
3 0.949414 0.562500 0.051953 0.147222
