1 0.237109 0.309028 0.042448 0.090278
2 0.215885 0.361111 0.035417 0.107407
2 0.288151 0.360417 0.050260 0.110648
2 0.199089 0.431713 0.053906 0.125463
2 0.310677 0.444213 0.054688 0.130093
2 0.206380 0.558333 0.062760 0.143519
3 0.280339 0.553472 0.062760 0.149537
2 0.175391 0.717361 0.120052 0.180093
2 0.294010 0.737037 0.079687 0.178704
2 0.459896 0.325694 0.031250 0.106019
2 0.483203 0.380093 0.040885 0.100926
2 0.497917 0.465972 0.058333 0.105093
2 0.524349 0.336111 0.026302 0.080556
2 0.539453 0.394213 0.045052 0.095833
2 0.638932 0.391435 0.042969 0.101389
2 0.697656 0.403009 0.033854 0.093056
2 0.614062 0.465972 0.052604 0.112500
2 0.676693 0.459491 0.049740 0.109722
2 0.760286 0.474074 0.054427 0.105556
2 0.577474 0.552546 0.069531 0.143056
2 0.661458 0.560648 0.067708 0.137037
2 0.746354 0.559491 0.061458 0.125463
2 0.849349 0.566435 0.068490 0.135648
2 0.613021 0.701157 0.071875 0.178241
2 0.714844 0.704167 0.065104 0.169444
2 0.843620 0.695602 0.072135 0.163426
1 0.942057 0.687037 0.059115 0.150926
2 0.963672 0.486343 0.054427 0.080093
2 0.905859 0.474074 0.052865 0.101852
