3 0.236328 0.307639 0.035677 0.089352
3 0.286198 0.359722 0.043750 0.102778
3 0.208594 0.363194 0.045312 0.100463
4 0.193880 0.435185 0.067448 0.131481
2 0.305339 0.440741 0.055469 0.118519
4 0.281120 0.552315 0.061198 0.163889
3 0.164844 0.697454 0.074479 0.201389
2 0.461458 0.322454 0.030208 0.079167
2 0.520182 0.324306 0.028906 0.081019
2 0.474609 0.384028 0.042969 0.100463
2 0.539062 0.384954 0.040104 0.100463
2 0.501432 0.463657 0.055469 0.107870
4 0.635677 0.390741 0.040625 0.096296
5 0.695573 0.382176 0.044271 0.155093
2 0.612370 0.468056 0.053906 0.109259
2 0.673177 0.462500 0.058854 0.122222
2 0.567578 0.571296 0.060677 0.132407
2 0.657292 0.560185 0.065104 0.137963
2 0.610547 0.701620 0.066406 0.179167
2 0.713802 0.706944 0.079687 0.159259
2 0.757552 0.565509 0.070833 0.135648
2 0.754297 0.459722 0.060156 0.105556
2 0.847005 0.709722 0.082552 0.143519
2 0.948958 0.692130 0.071875 0.141667
2 0.843880 0.416435 0.045052 0.086574
3 0.845964 0.565972 0.066927 0.118981
3 0.899870 0.478935 0.060156 0.093981
