1 0.233724 0.309722 0.039844 0.087963
2 0.213932 0.362731 0.042969 0.109722
2 0.287240 0.363889 0.052083 0.114815
2 0.199089 0.433565 0.053385 0.129167
2 0.308203 0.448843 0.055990 0.126389
2 0.205990 0.558333 0.061979 0.135185
2 0.277995 0.547917 0.068490 0.150463
2 0.171875 0.710648 0.121875 0.167593
2 0.294401 0.734954 0.082031 0.173611
2 0.462891 0.320139 0.028906 0.092130
2 0.524479 0.337500 0.024479 0.093519
2 0.479948 0.383565 0.040625 0.106019
2 0.539583 0.390509 0.046354 0.093056
2 0.503125 0.465046 0.048438 0.115278
2 0.571224 0.557176 0.064844 0.146759
2 0.613151 0.461574 0.051302 0.112037
2 0.634896 0.389815 0.040625 0.100926
2 0.695703 0.401389 0.036719 0.089815
2 0.676302 0.463194 0.051562 0.118056
2 0.658984 0.562731 0.063802 0.135648
2 0.616146 0.701852 0.068229 0.169444
2 0.764844 0.474537 0.048438 0.106481
2 0.748177 0.565046 0.059375 0.132870
2 0.718359 0.706713 0.068490 0.162500
2 0.850130 0.563426 0.058073 0.127778
2 0.842187 0.693519 0.072396 0.166667
1 0.943620 0.687731 0.071094 0.150463
2 0.909245 0.478935 0.054427 0.089352
2 0.965365 0.487963 0.047917 0.086111
