2 0.124805 0.489583 0.044141 0.123611
2 0.161133 0.538542 0.044141 0.139583
2 0.200000 0.635764 0.075781 0.192361
2 0.276562 0.775000 0.120313 0.250000
2 0.153516 0.412153 0.027344 0.079861
2 0.176367 0.438194 0.036328 0.086111
2 0.209180 0.481597 0.048047 0.097917
2 0.251953 0.541319 0.041406 0.120139
4 0.302539 0.569444 0.075391 0.251389
4 0.387500 0.682986 0.096875 0.314583
2 0.323047 0.428472 0.042969 0.073611
2 0.384766 0.449653 0.043750 0.109028
2 0.464062 0.497917 0.059375 0.111111
2 0.549609 0.551389 0.059375 0.155556
2 0.626758 0.546181 0.041016 0.118750
2 0.677344 0.634028 0.088281 0.197222
4 0.772266 0.550000 0.063281 0.269444
5 0.536719 0.453472 0.049219 0.147222
2 0.663281 0.449306 0.045312 0.105556
2 0.581641 0.410417 0.041406 0.088889
4 0.491797 0.377083 0.057031 0.116667
2 0.818359 0.471528 0.050781 0.126389
2 0.716797 0.433333 0.050000 0.106944
2 0.632031 0.408333 0.025781 0.090278
