4 0.202734 0.370833 0.064844 0.262500
4 0.272656 0.289583 0.072656 0.237500
2 0.310742 0.417014 0.076953 0.125694
4 0.392188 0.448958 0.068750 0.311806
4 0.479687 0.527431 0.110156 0.410417
4 0.387695 0.735764 0.182422 0.525694
4 0.590039 0.738194 0.101172 0.502778
3 0.478516 0.293056 0.039844 0.108333
2 0.520898 0.339931 0.073047 0.109028
3 0.560156 0.266319 0.045312 0.142361
2 0.604688 0.377431 0.073438 0.152083
4 0.691016 0.420139 0.063281 0.280556
2 0.634180 0.319444 0.042578 0.095833
2 0.724219 0.369097 0.050781 0.135417
4 0.735938 0.242708 0.047656 0.154861
