2 0.234896 0.311111 0.039062 0.086111
2 0.211849 0.358333 0.045052 0.111111
3 0.200651 0.434491 0.062760 0.130093
1 0.289323 0.364583 0.045833 0.104167
2 0.304297 0.444907 0.059635 0.126852
2 0.202604 0.551620 0.071354 0.139352
3 0.171615 0.702546 0.080208 0.199537
3 0.274870 0.560417 0.067448 0.162500
2 0.293229 0.739583 0.082812 0.169907
2 0.461458 0.321759 0.030208 0.100000
2 0.522656 0.331713 0.030208 0.086574
2 0.477214 0.382870 0.036198 0.092593
2 0.535807 0.392361 0.041406 0.097685
2 0.501172 0.459722 0.058073 0.124074
2 0.635417 0.390046 0.043750 0.105093
2 0.695312 0.404398 0.035417 0.090278
2 0.610677 0.467130 0.052604 0.110185
2 0.675781 0.459028 0.053125 0.106944
2 0.571615 0.558796 0.063542 0.153704
2 0.654427 0.556713 0.066667 0.134722
2 0.761068 0.467130 0.052865 0.114815
2 0.749479 0.561574 0.064062 0.131481
2 0.613542 0.700231 0.069792 0.170833
2 0.714583 0.711343 0.061979 0.174537
2 0.840885 0.696296 0.074479 0.160185
2 0.943750 0.686343 0.072917 0.152315
2 0.848047 0.563889 0.065365 0.123148
2 0.846224 0.409259 0.047135 0.085185
1 0.966927 0.483565 0.047917 0.091204
2 0.906641 0.483102 0.060677 0.093056
