1 0.211328 0.285764 0.050000 0.089583
1 0.292187 0.281944 0.057031 0.086111
0 0.174219 0.347569 0.078125 0.075694
1 0.253516 0.340625 0.047656 0.071528
2 0.132617 0.396181 0.052734 0.093750
3 0.231055 0.390972 0.066016 0.105556
0 0.064258 0.486806 0.082422 0.091667
1 0.191797 0.472569 0.075000 0.104861
0 0.151953 0.577778 0.109375 0.130556
2 0.433203 0.331944 0.047656 0.081944
2 0.416016 0.398958 0.060156 0.095139
2 0.406641 0.469792 0.068750 0.100694
1 0.393359 0.576389 0.084375 0.129167
0 0.509180 0.293750 0.054297 0.065278
0 0.529492 0.345833 0.078516 0.070833
3 0.520508 0.400000 0.044141 0.087500
3 0.528711 0.470486 0.059766 0.095139
2 0.519336 0.565972 0.087109 0.145833
3 0.756055 0.397917 0.049609 0.094444
2 0.838672 0.397222 0.064844 0.108333
0 0.789258 0.489236 0.085547 0.096528
2 0.885547 0.470486 0.060937 0.114583
1 0.836719 0.575347 0.080469 0.124306
3 0.954492 0.571875 0.082422 0.149306
