2 0.235026 0.309954 0.040885 0.094907
2 0.286849 0.362269 0.049740 0.114352
2 0.210417 0.431481 0.058333 0.125000
2 0.309375 0.441898 0.055208 0.127315
2 0.209115 0.559954 0.069271 0.148611
2 0.280990 0.550463 0.066667 0.153704
2 0.154818 0.714352 0.096615 0.187037
3 0.289844 0.743056 0.081771 0.175000
2 0.461719 0.318056 0.026562 0.085185
2 0.522656 0.331250 0.027083 0.085648
2 0.477604 0.384028 0.035937 0.103241
4 0.536458 0.385185 0.045833 0.101852
2 0.501563 0.453241 0.048958 0.107407
2 0.612370 0.460880 0.047135 0.114352
2 0.634375 0.381481 0.039583 0.104630
2 0.675130 0.460417 0.052344 0.117130
2 0.761589 0.471759 0.052344 0.108333
4 0.572266 0.549769 0.071094 0.139352
2 0.658203 0.556944 0.068490 0.147222
4 0.749870 0.556713 0.061198 0.134722
2 0.843490 0.557639 0.071354 0.126389
2 0.612760 0.697454 0.073958 0.171759
2 0.715755 0.710185 0.066927 0.153704
2 0.846615 0.699769 0.073438 0.151389
2 0.939583 0.691204 0.072396 0.158333
2 0.965885 0.475694 0.046354 0.093056
2 0.908464 0.484722 0.050260 0.098148
2 0.839844 0.405093 0.051042 0.104630
