2 0.210938 0.286458 0.042969 0.081250
1 0.170508 0.333681 0.053516 0.079861
2 0.129102 0.403125 0.052734 0.081250
2 0.071484 0.466319 0.062500 0.106250
2 0.291602 0.282639 0.041016 0.069444
3 0.257031 0.331944 0.051562 0.086111
1 0.231055 0.392361 0.064453 0.097222
1 0.183008 0.459375 0.079297 0.110417
2 0.142969 0.562500 0.091406 0.118056
3 0.433984 0.331597 0.046875 0.077083
2 0.416992 0.398958 0.059766 0.084028
2 0.408008 0.469792 0.061328 0.109028
3 0.389062 0.573611 0.087500 0.130556
3 0.526758 0.335417 0.044922 0.073611
3 0.527734 0.465278 0.064844 0.109722
2 0.521094 0.570139 0.082031 0.126389
1 0.521094 0.570139 0.082031 0.126389
0 0.751367 0.406250 0.049609 0.066667
1 0.842773 0.399306 0.058203 0.100000
2 0.779883 0.475000 0.058984 0.094444
3 0.904492 0.483681 0.040234 0.095139
1 0.838477 0.579861 0.063672 0.119444
2 0.960547 0.558333 0.078125 0.137500
