4 0.234375 0.307639 0.042708 0.098611
4 0.201172 0.431944 0.060156 0.113889
2 0.288021 0.358102 0.051042 0.110648
4 0.313802 0.438657 0.055729 0.129167
2 0.289323 0.538657 0.055208 0.155093
4 0.197917 0.543750 0.064062 0.154167
4 0.182943 0.726157 0.090885 0.223611
3 0.285286 0.712037 0.078385 0.194444
2 0.454167 0.323843 0.041667 0.082870
4 0.519792 0.324074 0.033854 0.085185
2 0.532813 0.380093 0.039062 0.096296
2 0.474349 0.377778 0.034635 0.102778
2 0.492057 0.458796 0.057552 0.120370
4 0.636068 0.389352 0.040885 0.108333
2 0.693620 0.384259 0.045052 0.108333
2 0.601953 0.459259 0.058594 0.137963
2 0.672005 0.460880 0.040365 0.125463
2 0.563021 0.564815 0.053646 0.150926
3 0.716797 0.703704 0.077865 0.165741
3 0.592318 0.693519 0.070052 0.204630
2 0.748828 0.544444 0.062240 0.154630
4 0.851432 0.696296 0.078385 0.161111
3 0.931120 0.675463 0.075781 0.155556
3 0.835547 0.542593 0.064844 0.145370
2 0.967839 0.486111 0.047135 0.111111
3 0.898047 0.477315 0.046615 0.123148
2 0.848568 0.401852 0.043490 0.112037
