2 0.021875 0.308333 0.043750 0.123611
2 0.049805 0.368750 0.055859 0.191667
2 0.076563 0.458681 0.064844 0.181250
2 0.141211 0.576042 0.108203 0.289583
2 0.265234 0.788889 0.144531 0.351389
2 0.087305 0.257986 0.041797 0.104861
2 0.123633 0.294792 0.055078 0.142361
2 0.176953 0.360417 0.071094 0.147222
2 0.231641 0.416319 0.080469 0.196528
2 0.316406 0.553125 0.105469 0.227083
2 0.428320 0.715972 0.140234 0.300000
2 0.297070 0.242361 0.039453 0.075000
2 0.342773 0.288542 0.048828 0.086806
2 0.374805 0.231597 0.042578 0.103472
2 0.424219 0.323958 0.089063 0.143750
2 0.485156 0.410069 0.049219 0.154861
2 0.524414 0.299653 0.054297 0.127083
2 0.763281 0.482292 0.065625 0.157639
2 0.837891 0.590972 0.132812 0.263889
2 0.960352 0.556597 0.079297 0.252083
2 0.950586 0.382986 0.069141 0.146528
2 0.885352 0.311806 0.070703 0.156944
2 0.692969 0.274306 0.070312 0.134722
2 0.774219 0.270833 0.042188 0.123611
3 0.810547 0.329167 0.070312 0.150000
