4 0.328125 0.295833 0.047656 0.187500
2 0.374609 0.359375 0.046094 0.127083
2 0.443750 0.375347 0.048438 0.104861
2 0.493164 0.418750 0.064453 0.151389
3 0.745703 0.446875 0.079687 0.165972
3 0.848633 0.535069 0.083984 0.206250
3 0.946094 0.517708 0.089063 0.182639
2 0.255273 0.342014 0.059766 0.114583
2 0.432031 0.555903 0.075781 0.174306
2 0.319531 0.559722 0.116406 0.241667
4 0.144336 0.464236 0.099609 0.235417
2 0.165234 0.382639 0.064844 0.119444
2 0.056055 0.428819 0.082422 0.181250
2 0.094922 0.849653 0.173437 0.300694
