2 0.234766 0.312269 0.032031 0.100463
2 0.284375 0.367361 0.044271 0.109722
2 0.200521 0.424306 0.047917 0.123611
3 0.309635 0.447222 0.052604 0.118519
3 0.203125 0.551852 0.067187 0.131481
3 0.277865 0.559259 0.051562 0.143519
3 0.170052 0.703009 0.088021 0.202315
3 0.290234 0.730556 0.077344 0.169444
2 0.459245 0.324769 0.030990 0.088426
2 0.522005 0.332870 0.030469 0.074074
2 0.476953 0.383796 0.030990 0.100926
2 0.539714 0.387963 0.045573 0.099074
2 0.638672 0.389120 0.041406 0.112500
2 0.699089 0.402546 0.036198 0.088426
2 0.503646 0.457870 0.057813 0.112037
3 0.614323 0.466204 0.046875 0.114815
2 0.681380 0.462731 0.048177 0.111574
2 0.763021 0.476389 0.049479 0.108333
3 0.579167 0.558796 0.060937 0.135185
2 0.658464 0.562731 0.064323 0.143056
3 0.746484 0.563426 0.061719 0.129630
2 0.848177 0.559722 0.059375 0.116667
2 0.615104 0.705324 0.071354 0.180093
2 0.718229 0.714352 0.063542 0.152778
2 0.845052 0.691898 0.077604 0.157870
2 0.944271 0.694907 0.063021 0.161111
2 0.848437 0.414120 0.042708 0.085648
