2 0.236849 0.314352 0.039323 0.092593
2 0.284896 0.362963 0.049479 0.103704
2 0.203255 0.432176 0.063281 0.118981
2 0.312370 0.446065 0.050781 0.115278
3 0.220573 0.562269 0.067187 0.137500
3 0.290885 0.552778 0.056771 0.157407
2 0.143880 0.707870 0.092969 0.172222
3 0.289323 0.704398 0.073958 0.182870
2 0.464323 0.320139 0.033854 0.099537
2 0.522005 0.330324 0.033594 0.082870
2 0.478646 0.378241 0.039583 0.094444
2 0.536458 0.385185 0.041667 0.089815
2 0.499740 0.460417 0.053646 0.113426
2 0.639844 0.393519 0.035417 0.107407
2 0.612240 0.461806 0.048438 0.120833
3 0.672656 0.461343 0.040104 0.105093
2 0.696745 0.400463 0.036198 0.095370
2 0.754818 0.464583 0.047135 0.106019
2 0.568099 0.565972 0.057031 0.136574
2 0.658464 0.557176 0.058594 0.152315
2 0.755599 0.565278 0.062760 0.138889
2 0.848568 0.565278 0.069010 0.119444
2 0.616276 0.700231 0.070573 0.178241
2 0.715755 0.707639 0.072135 0.181019
2 0.856120 0.705556 0.071094 0.150926
2 0.954427 0.700000 0.063542 0.158333
2 0.847786 0.406713 0.043490 0.101389
4 0.903385 0.410880 0.029687 0.090278
1 0.959375 0.471296 0.037500 0.078704
