2 0.236068 0.317361 0.041927 0.080093
3 0.288281 0.363889 0.045312 0.109259
3 0.309245 0.443519 0.053906 0.120370
3 0.198828 0.422917 0.057552 0.122685
3 0.205078 0.553009 0.058073 0.141204
3 0.170443 0.719213 0.084635 0.216204
3 0.279948 0.544444 0.073438 0.150000
1 0.285547 0.738194 0.117969 0.184722
2 0.458464 0.323611 0.032552 0.093519
2 0.524740 0.330093 0.031771 0.084259
2 0.477734 0.394676 0.033594 0.093056
2 0.552214 0.389120 0.045573 0.091204
2 0.501823 0.453009 0.051042 0.112500
2 0.635026 0.395602 0.043490 0.100463
2 0.693359 0.397917 0.036719 0.081019
3 0.612109 0.464120 0.053906 0.113426
2 0.567578 0.552315 0.062760 0.137037
2 0.656771 0.562731 0.065625 0.132870
2 0.602865 0.702546 0.077604 0.181019
2 0.676953 0.457639 0.057552 0.127315
2 0.759896 0.477546 0.050000 0.103241
1 0.751042 0.566435 0.062500 0.135648
2 0.726172 0.714120 0.070052 0.147685
3 0.835938 0.703704 0.069271 0.159259
3 0.932552 0.673843 0.058854 0.156019
3 0.837109 0.560185 0.070573 0.128704
5 0.849219 0.390741 0.040625 0.150926
2 0.914844 0.482870 0.048958 0.089815
2 0.962760 0.483796 0.038021 0.103704
