3 0.206250 0.351389 0.053646 0.110185
4 0.296615 0.358102 0.047396 0.113426
3 0.297266 0.440741 0.075260 0.119444
3 0.211589 0.550463 0.054948 0.134259
3 0.277604 0.556250 0.074479 0.156944
3 0.161328 0.687269 0.107031 0.195833
0 0.286849 0.756019 0.138281 0.147222
2 0.457943 0.321991 0.046615 0.081944
2 0.523698 0.343287 0.030208 0.083796
2 0.486589 0.391667 0.042969 0.087963
0 0.541276 0.395602 0.060677 0.106019
3 0.495443 0.471065 0.089844 0.104167
2 0.612630 0.461343 0.063802 0.122685
3 0.557552 0.561111 0.071354 0.132407
4 0.691146 0.465046 0.051562 0.107870
2 0.642448 0.398611 0.036458 0.078704
1 0.693880 0.390278 0.053385 0.087963
3 0.605859 0.711343 0.083073 0.208796
1 0.719531 0.716435 0.093750 0.158796
5 0.774089 0.453472 0.055990 0.148611
3 0.868359 0.701620 0.098698 0.174537
3 0.968750 0.478241 0.053125 0.096296
0 0.909766 0.500463 0.065885 0.069444
2 0.910547 0.422917 0.045052 0.068056
