0 0.213477 0.296181 0.055078 0.071528
0 0.173047 0.345486 0.064844 0.077083
0 0.125586 0.405556 0.076172 0.106944
0 0.054688 0.475000 0.077344 0.133333
0 0.294531 0.290972 0.071094 0.069444
0 0.258789 0.343056 0.068359 0.095833
0 0.231445 0.402778 0.084766 0.098611
1 0.189453 0.459375 0.084375 0.127083
1 0.146484 0.578819 0.128125 0.153472
1 0.488281 0.288194 0.032813 0.070833
0 0.437109 0.340278 0.070312 0.075000
0 0.419922 0.400000 0.089063 0.086111
0 0.416406 0.486458 0.092188 0.102083
3 0.404297 0.582986 0.102344 0.143750
3 0.512500 0.341319 0.039062 0.067361
4 0.543359 0.402778 0.065625 0.088889
2 0.526367 0.472917 0.069922 0.111111
0 0.520312 0.600347 0.125781 0.135417
1 0.762695 0.400347 0.063672 0.085417
0 0.798438 0.481944 0.083594 0.101389
0 0.895508 0.489236 0.078516 0.092361
0 0.854688 0.586458 0.108594 0.129861
1 0.953516 0.577431 0.076563 0.124306
