3 0.241536 0.303472 0.039323 0.089352
4 0.297656 0.350000 0.053646 0.125926
2 0.198047 0.439815 0.051302 0.113889
1 0.310547 0.440046 0.064844 0.130093
2 0.223438 0.561111 0.062500 0.158333
4 0.290885 0.554630 0.067708 0.153704
3 0.191927 0.716204 0.075000 0.199074
2 0.297005 0.708102 0.101823 0.206944
2 0.460286 0.320833 0.031510 0.077778
2 0.522135 0.325231 0.029687 0.084722
2 0.472526 0.383333 0.034635 0.096296
2 0.539193 0.392361 0.040365 0.100463
2 0.640104 0.393981 0.037500 0.099074
4 0.698307 0.393750 0.040365 0.087500
2 0.501042 0.459028 0.051042 0.116204
4 0.605339 0.449074 0.057031 0.125000
4 0.673177 0.453472 0.053125 0.121759
2 0.565365 0.567130 0.071875 0.125926
4 0.660677 0.564583 0.066146 0.143981
2 0.614453 0.702083 0.074219 0.175463
2 0.716667 0.705093 0.064583 0.155556
2 0.759505 0.567361 0.065885 0.143056
2 0.856380 0.693519 0.077344 0.157407
4 0.955729 0.688889 0.062500 0.166667
4 0.851432 0.403009 0.042448 0.095833
2 0.967708 0.479630 0.050000 0.087037
2 0.905208 0.487500 0.057813 0.100000
