2 0.231510 0.306944 0.031771 0.100926
3 0.204036 0.425231 0.066927 0.127315
3 0.292708 0.356481 0.054688 0.110185
3 0.308724 0.446991 0.063281 0.119907
3 0.281901 0.562269 0.077344 0.127315
3 0.162370 0.730093 0.095573 0.179630
3 0.284115 0.737269 0.084896 0.199537
2 0.463281 0.314352 0.025000 0.094444
2 0.524609 0.331019 0.033073 0.086111
3 0.475651 0.381944 0.028385 0.095370
3 0.542318 0.386806 0.045052 0.099537
3 0.633724 0.396991 0.042448 0.091204
3 0.696484 0.404398 0.042448 0.090278
3 0.500000 0.461343 0.060417 0.108796
3 0.610547 0.479167 0.050781 0.113889
3 0.565365 0.558333 0.057813 0.149074
3 0.647526 0.563194 0.072135 0.131944
3 0.606510 0.708102 0.071875 0.174537
3 0.672005 0.467361 0.056510 0.114352
3 0.762891 0.475694 0.048698 0.099537
3 0.737630 0.556713 0.059115 0.127315
3 0.714714 0.701389 0.054427 0.163889
3 0.838411 0.554167 0.064844 0.131481
3 0.840495 0.696528 0.072135 0.164352
3 0.943099 0.691435 0.064844 0.132870
3 0.964063 0.486574 0.042188 0.093519
