2 0.239323 0.312269 0.045312 0.086574
2 0.208073 0.357176 0.045312 0.100463
5 0.296484 0.515046 0.074740 0.222685
2 0.216146 0.548843 0.061458 0.148611
3 0.201042 0.696528 0.076042 0.214352
2 0.461198 0.318287 0.032813 0.082870
2 0.521094 0.330787 0.034375 0.091204
2 0.475911 0.386111 0.036198 0.091667
2 0.542578 0.393519 0.038802 0.098148
2 0.495182 0.462731 0.052344 0.118981
2 0.610807 0.475231 0.047135 0.108796
4 0.564453 0.573148 0.065365 0.137037
2 0.636979 0.393287 0.036458 0.103241
2 0.693750 0.400231 0.040625 0.098611
2 0.666406 0.470602 0.052083 0.131944
2 0.658594 0.572222 0.065625 0.154630
2 0.609375 0.698843 0.073438 0.181944
4 0.749740 0.552083 0.058333 0.151389
2 0.727344 0.709954 0.081250 0.172685
2 0.849609 0.703009 0.065885 0.162500
2 0.946484 0.690972 0.059115 0.140278
4 0.898307 0.482407 0.047135 0.103704
2 0.835286 0.408333 0.037760 0.111111
4 0.949089 0.488889 0.047135 0.075926
