2 0.082227 0.402431 0.066016 0.171528
2 0.134180 0.477431 0.071484 0.177083
1 0.230469 0.583333 0.125000 0.205556
2 0.341797 0.721875 0.192969 0.260417
1 0.039844 0.597569 0.079687 0.222917
1 0.099805 0.786806 0.192578 0.279167
2 0.358789 0.387847 0.050391 0.136806
2 0.454688 0.420139 0.057031 0.180556
2 0.734375 0.609375 0.108594 0.292361
2 0.874609 0.617361 0.102344 0.198611
1 0.683594 0.338194 0.086719 0.130556
2 0.797266 0.384375 0.079687 0.165972
2 0.898242 0.377431 0.056641 0.152083
2 0.957617 0.432986 0.083203 0.195139
