0 0.215430 0.294097 0.056641 0.081250
0 0.173633 0.348611 0.075391 0.075000
1 0.132227 0.395486 0.056641 0.085417
1 0.053125 0.473264 0.085938 0.134028
0 0.053125 0.473264 0.085938 0.134028
0 0.296484 0.289931 0.060156 0.067361
1 0.261914 0.328125 0.048828 0.090972
2 0.233398 0.398958 0.066016 0.109028
1 0.192188 0.468750 0.073438 0.112500
0 0.153906 0.582292 0.107031 0.153472
2 0.438086 0.333333 0.037109 0.081944
2 0.417383 0.399306 0.055859 0.098611
2 0.409180 0.476389 0.065234 0.105556
1 0.395508 0.569097 0.089453 0.136806
2 0.520703 0.564583 0.080469 0.143056
3 0.522656 0.475000 0.072656 0.095833
0 0.506250 0.292708 0.051562 0.052083
0 0.528711 0.344097 0.082422 0.072917
2 0.745898 0.394792 0.062109 0.114583
1 0.842187 0.395486 0.060937 0.096528
0 0.794727 0.486806 0.085547 0.098611
2 0.892188 0.469097 0.051562 0.118750
3 0.855469 0.568056 0.071094 0.141667
2 0.953711 0.570833 0.084766 0.148611
