0 0.231641 0.310185 0.064323 0.086111
1 0.200260 0.374306 0.056250 0.080093
0 0.293620 0.387037 0.083594 0.094444
0 0.307422 0.461343 0.073698 0.110648
4 0.281510 0.541435 0.089063 0.171759
1 0.202083 0.546065 0.064583 0.152315
0 0.152214 0.721296 0.124740 0.228704
0 0.277865 0.742824 0.120313 0.162500
2 0.458464 0.325000 0.047656 0.103704
2 0.521354 0.329398 0.035417 0.080093
1 0.485156 0.383333 0.056250 0.093519
2 0.542578 0.381944 0.043490 0.115741
2 0.641146 0.396296 0.044271 0.096296
3 0.494531 0.464352 0.086979 0.129630
4 0.558073 0.565046 0.068750 0.124537
3 0.596354 0.695833 0.064062 0.197222
4 0.695964 0.461806 0.047656 0.115278
0 0.659505 0.561806 0.081510 0.138426
1 0.760286 0.563426 0.069531 0.133333
3 0.708464 0.717361 0.070573 0.179167
3 0.825651 0.680324 0.068490 0.180093
1 0.891536 0.473611 0.036198 0.094444
3 0.959245 0.480324 0.063281 0.077315
