2 0.234115 0.306713 0.040625 0.102315
4 0.205599 0.426852 0.059635 0.126852
4 0.205339 0.546528 0.060156 0.154167
4 0.280729 0.554167 0.072917 0.157407
4 0.310677 0.439583 0.058333 0.123611
2 0.290625 0.367593 0.047917 0.112037
2 0.164453 0.727546 0.118490 0.179167
2 0.291667 0.730787 0.085417 0.193981
2 0.460677 0.322454 0.028646 0.091204
2 0.478516 0.384954 0.034115 0.101389
2 0.540104 0.391204 0.049479 0.094444
2 0.502865 0.461343 0.055729 0.113426
2 0.611979 0.474769 0.046875 0.107870
4 0.634375 0.386806 0.040104 0.108796
4 0.690755 0.401157 0.033073 0.106019
4 0.678255 0.467130 0.055469 0.125926
2 0.758203 0.469213 0.051302 0.101389
2 0.575260 0.563194 0.063021 0.156019
2 0.658724 0.558102 0.077865 0.157870
2 0.746094 0.557639 0.060417 0.127315
2 0.846875 0.558102 0.063542 0.118981
2 0.616146 0.708565 0.076042 0.176389
2 0.715625 0.714120 0.069271 0.142130
2 0.847396 0.693056 0.077604 0.172222
2 0.940625 0.686574 0.067708 0.145370
4 0.850521 0.413657 0.037500 0.087500
2 0.906510 0.473843 0.050000 0.108796
2 0.957682 0.485648 0.031510 0.089815
