1 0.215430 0.285764 0.051172 0.089583
3 0.175000 0.333333 0.060937 0.084722
2 0.130859 0.397222 0.053125 0.084722
1 0.071484 0.470833 0.078125 0.134722
1 0.031445 0.573611 0.062891 0.113889
2 0.293555 0.289583 0.041016 0.079167
3 0.257617 0.323264 0.052734 0.097917
2 0.231055 0.393750 0.062891 0.113889
1 0.179102 0.475347 0.073828 0.136806
2 0.142773 0.556597 0.084766 0.121528
2 0.433203 0.334375 0.035937 0.068750
2 0.418555 0.398611 0.059766 0.095833
1 0.407422 0.473611 0.067969 0.108333
1 0.400977 0.581944 0.083203 0.105556
1 0.518945 0.570486 0.081641 0.143750
3 0.528125 0.476042 0.062500 0.084028
2 0.514258 0.398958 0.042578 0.072917
1 0.517578 0.335069 0.050781 0.075694
1 0.750586 0.400347 0.051172 0.078472
1 0.836133 0.391667 0.060547 0.084722
1 0.769336 0.473958 0.069141 0.088194
1 0.894531 0.471528 0.057031 0.115278
1 0.849414 0.574306 0.073828 0.129167
2 0.950195 0.567014 0.073828 0.140972
