2 0.212500 0.289236 0.044531 0.077083
1 0.167187 0.329514 0.053125 0.092361
2 0.131445 0.402431 0.053516 0.085417
2 0.074609 0.468750 0.064062 0.119444
1 0.034375 0.555208 0.068750 0.142361
2 0.294727 0.286458 0.041797 0.079861
3 0.254297 0.331597 0.040625 0.095139
2 0.235937 0.389236 0.054688 0.102083
1 0.187500 0.454861 0.086719 0.137500
1 0.141602 0.572917 0.089453 0.133333
3 0.430859 0.327778 0.046094 0.081944
2 0.417773 0.405556 0.058203 0.102778
2 0.406250 0.472569 0.067969 0.104861
1 0.393750 0.582292 0.085938 0.138194
3 0.522266 0.335417 0.041406 0.084722
3 0.513281 0.404861 0.043750 0.095833
2 0.530469 0.467014 0.066406 0.106250
2 0.517773 0.565972 0.091016 0.138889
1 0.748828 0.405208 0.050000 0.074306
2 0.837109 0.389583 0.050781 0.101389
1 0.781641 0.469444 0.082812 0.100000
3 0.863281 0.579861 0.082031 0.119444
1 0.958203 0.560417 0.079687 0.141667
