0 0.215039 0.295486 0.056641 0.054861
0 0.175781 0.341319 0.062500 0.071528
0 0.126172 0.404861 0.079687 0.106944
0 0.061523 0.480903 0.088672 0.106250
0 0.153516 0.589583 0.098437 0.109722
0 0.180664 0.463889 0.098828 0.129167
0 0.236523 0.413194 0.076953 0.091667
0 0.253906 0.337500 0.082031 0.076389
0 0.300195 0.290972 0.069922 0.062500
0 0.438477 0.347569 0.071484 0.057639
0 0.430469 0.296528 0.069531 0.062500
0 0.420898 0.415625 0.086328 0.086806
0 0.403711 0.485069 0.102734 0.096528
0 0.399805 0.593403 0.101172 0.121528
1 0.516992 0.337500 0.043359 0.079167
3 0.524219 0.458333 0.077344 0.119444
0 0.518945 0.606597 0.118359 0.124306
1 0.849219 0.393403 0.064062 0.102083
1 0.779102 0.464931 0.051172 0.114583
0 0.905664 0.495139 0.090234 0.093056
0 0.862109 0.602778 0.111719 0.112500
0 0.960742 0.589583 0.073828 0.136111
