3 0.241146 0.308333 0.047396 0.085185
4 0.216276 0.430787 0.066406 0.119907
2 0.291667 0.353472 0.043229 0.114352
1 0.214714 0.551620 0.070052 0.148611
4 0.298307 0.558102 0.067448 0.133796
4 0.312891 0.438426 0.066406 0.119444
2 0.153906 0.693981 0.088542 0.181481
2 0.462891 0.326157 0.028906 0.085648
2 0.531120 0.338657 0.033073 0.077315
2 0.480469 0.377083 0.039062 0.097685
2 0.550391 0.386343 0.048698 0.097685
2 0.493620 0.459954 0.053906 0.113426
5 0.688281 0.376389 0.056250 0.146296
2 0.637370 0.397917 0.036719 0.092130
4 0.606120 0.703704 0.077865 0.177778
4 0.673698 0.459954 0.053125 0.127315
4 0.761719 0.474074 0.050521 0.107407
3 0.739714 0.547454 0.058594 0.150463
1 0.657031 0.568519 0.073438 0.136111
3 0.714974 0.718750 0.080469 0.143056
2 0.850130 0.698843 0.076823 0.151389
4 0.932422 0.692824 0.068490 0.167130
4 0.842969 0.420370 0.047917 0.088889
2 0.900911 0.479861 0.058594 0.099537
2 0.960417 0.480093 0.047917 0.085185
