2 0.083594 0.402431 0.066406 0.175694
2 0.141211 0.482986 0.087109 0.178472
2 0.041211 0.594792 0.082422 0.207639
2 0.227930 0.565625 0.084766 0.218750
1 0.328711 0.699653 0.193359 0.290972
3 0.108984 0.747222 0.186719 0.298611
2 0.288477 0.348958 0.062891 0.097917
2 0.365625 0.392361 0.079687 0.119444
2 0.399414 0.315972 0.048047 0.125000
2 0.466602 0.435764 0.076953 0.199306
1 0.548047 0.525000 0.076563 0.186111
2 0.578711 0.402778 0.052734 0.143056
1 0.864258 0.618403 0.099609 0.214583
2 0.954883 0.436458 0.076172 0.177083
2 0.903320 0.368403 0.050391 0.147917
2 0.799414 0.377778 0.083984 0.152778
