1 0.236458 0.314352 0.042708 0.077778
2 0.209245 0.354630 0.053906 0.117593
2 0.292708 0.363426 0.052604 0.093519
1 0.292708 0.363426 0.052604 0.093519
1 0.208854 0.444444 0.080208 0.112963
2 0.309635 0.439352 0.057292 0.141667
2 0.199479 0.552546 0.078125 0.162500
4 0.285026 0.553935 0.073698 0.164352
1 0.316406 0.736806 0.088021 0.211574
2 0.461068 0.319907 0.040365 0.093519
2 0.524870 0.339815 0.033594 0.088889
2 0.481771 0.393056 0.033333 0.095370
2 0.543880 0.385880 0.034115 0.096759
2 0.494531 0.464352 0.089063 0.112963
1 0.629036 0.395139 0.036198 0.090278
2 0.696354 0.402315 0.042188 0.098148
2 0.604688 0.463657 0.067708 0.139352
2 0.675260 0.471991 0.059896 0.128241
2 0.561198 0.576389 0.060937 0.125000
2 0.662760 0.577083 0.088021 0.131944
2 0.757943 0.557639 0.065885 0.146759
1 0.843229 0.558796 0.075000 0.151852
2 0.602474 0.703704 0.086198 0.180556
2 0.719922 0.724306 0.066406 0.146759
0 0.864583 0.707176 0.097917 0.138426
1 0.947396 0.688194 0.061458 0.143056
1 0.859115 0.426620 0.060417 0.084722
2 0.859115 0.426620 0.060417 0.084722
2 0.911328 0.427083 0.040885 0.081944
2 0.964844 0.488426 0.053125 0.085185
