6 0.120313 0.517361 0.178906 0.222222
6 0.473242 0.365972 0.146484 0.143056
2 0.299414 0.281944 0.044141 0.072222
1 0.217383 0.283333 0.048047 0.075000
1 0.171875 0.339236 0.053906 0.099306
2 0.258203 0.323611 0.051562 0.095833
3 0.126562 0.389583 0.057813 0.098611
3 0.236914 0.397222 0.068359 0.095833
2 0.412109 0.476389 0.063281 0.097222
1 0.381641 0.576042 0.089844 0.125694
3 0.519531 0.566667 0.077344 0.122222
1 0.518359 0.484375 0.085156 0.077083
1 0.751953 0.403472 0.036719 0.073611
2 0.846094 0.401736 0.050000 0.086806
2 0.782227 0.475347 0.059766 0.107639
3 0.893359 0.474306 0.056250 0.122222
3 0.849609 0.569444 0.073438 0.134722
1 0.953320 0.564583 0.084766 0.134722
