2 0.236328 0.315046 0.038281 0.088426
2 0.284635 0.361111 0.047396 0.107407
2 0.201042 0.437269 0.061979 0.131019
2 0.306250 0.446296 0.060937 0.122222
2 0.280469 0.566435 0.062500 0.133796
3 0.155078 0.713426 0.104948 0.216667
2 0.286849 0.742361 0.086198 0.168981
2 0.459766 0.325000 0.032552 0.085185
2 0.479948 0.386574 0.038542 0.099074
2 0.535286 0.389352 0.045573 0.096296
2 0.498177 0.462037 0.061458 0.103704
1 0.568229 0.565741 0.064583 0.123148
2 0.635938 0.387731 0.046354 0.098611
2 0.696615 0.396528 0.034896 0.093056
2 0.611589 0.468750 0.056510 0.107870
2 0.675651 0.461574 0.042969 0.120370
2 0.757812 0.475694 0.054167 0.116204
2 0.659766 0.561111 0.074740 0.147222
2 0.750130 0.565741 0.063802 0.131481
2 0.848437 0.567824 0.067708 0.126389
2 0.612760 0.705787 0.073958 0.166204
1 0.720703 0.702083 0.078906 0.157870
3 0.845833 0.697454 0.066146 0.138426
2 0.941406 0.684722 0.060937 0.135185
2 0.963151 0.481481 0.043490 0.097222
2 0.903385 0.478472 0.048958 0.098611
2 0.845052 0.400463 0.046354 0.103704
