2 0.208789 0.285764 0.044922 0.077083
3 0.171094 0.330556 0.049219 0.081944
2 0.132812 0.395833 0.048438 0.087500
1 0.075195 0.462153 0.069922 0.104861
1 0.034375 0.564236 0.066406 0.150694
2 0.289844 0.291319 0.035156 0.082639
3 0.258984 0.328819 0.047656 0.086806
2 0.229883 0.397917 0.062891 0.104167
1 0.182227 0.480903 0.069141 0.113194
1 0.147656 0.549653 0.081250 0.136806
2 0.436719 0.328125 0.045312 0.081250
2 0.419141 0.394792 0.053125 0.102083
2 0.408398 0.471528 0.061328 0.098611
3 0.394922 0.569444 0.082031 0.126389
1 0.515039 0.329514 0.050391 0.077083
2 0.521484 0.458333 0.069531 0.116667
2 0.519727 0.563542 0.084766 0.145139
1 0.754492 0.405556 0.049609 0.088889
2 0.844531 0.399653 0.050781 0.093750
1 0.782617 0.471528 0.072266 0.101389
1 0.889844 0.479514 0.058594 0.095139
3 0.851758 0.574306 0.078516 0.115278
2 0.950977 0.562847 0.078516 0.136806
