5 0.202734 0.346528 0.064062 0.233333
2 0.120508 0.519097 0.091016 0.186806
3 0.087695 0.670139 0.107422 0.241667
2 0.313672 0.778125 0.135937 0.356250
2 0.503125 0.764236 0.096875 0.217361
2 0.634961 0.831944 0.156641 0.336111
2 0.809766 0.837153 0.141406 0.311806
2 0.930664 0.600347 0.122266 0.249306
2 0.808398 0.619444 0.152734 0.252778
2 0.693164 0.502778 0.089453 0.233333
3 0.585156 0.543056 0.130469 0.197222
3 0.527539 0.469444 0.056641 0.186111
3 0.407422 0.481597 0.096875 0.203472
2 0.085156 0.381944 0.095312 0.176389
