2 0.031836 0.351736 0.056641 0.143750
2 0.081836 0.394097 0.067578 0.160417
2 0.142969 0.474653 0.093750 0.172917
2 0.224219 0.568750 0.089063 0.218056
2 0.033203 0.592708 0.066406 0.239583
2 0.121680 0.737500 0.166797 0.337500
1 0.333008 0.703125 0.173828 0.256250
2 0.291211 0.350694 0.067578 0.115278
2 0.381445 0.375694 0.065234 0.125000
2 0.468555 0.421181 0.083984 0.177083
2 0.880664 0.619792 0.128516 0.215972
3 0.951367 0.438194 0.078516 0.191667
2 0.900391 0.377431 0.050000 0.159028
2 0.805469 0.375000 0.075781 0.166667
1 0.692773 0.347222 0.069141 0.112500
