0 0.171094 0.344444 0.070312 0.077778
2 0.131836 0.389583 0.051172 0.105556
1 0.050195 0.470139 0.068359 0.118056
0 0.294531 0.291319 0.067969 0.067361
3 0.255273 0.328125 0.048828 0.107639
2 0.233203 0.390278 0.068750 0.106944
3 0.187500 0.465625 0.072656 0.117361
0 0.150586 0.579861 0.106641 0.130556
1 0.437891 0.334375 0.046094 0.064583
2 0.417773 0.404167 0.054297 0.094444
2 0.407617 0.475347 0.061328 0.110417
0 0.408203 0.591319 0.104688 0.129861
0 0.504883 0.296181 0.055078 0.059028
2 0.523242 0.463542 0.067578 0.103472
3 0.516211 0.565625 0.082422 0.145139
2 0.760156 0.395486 0.071094 0.096528
0 0.847852 0.406597 0.069141 0.088194
0 0.794922 0.490278 0.087500 0.093056
1 0.840234 0.577778 0.075000 0.141667
0 0.207813 0.298958 0.047656 0.065972
