0 0.210352 0.297569 0.038672 0.068750
0 0.172461 0.336458 0.063672 0.085417
2 0.130664 0.398611 0.052734 0.101389
1 0.064844 0.467014 0.081250 0.140972
0 0.294141 0.290972 0.069531 0.056944
1 0.247852 0.336806 0.048828 0.094444
2 0.231641 0.398264 0.063281 0.117361
1 0.183789 0.476736 0.065234 0.114583
4 0.147656 0.567708 0.106250 0.127083
1 0.440039 0.338542 0.041797 0.074306
2 0.419141 0.397569 0.053906 0.095139
1 0.412695 0.478819 0.062109 0.097917
0 0.394336 0.595139 0.102734 0.138889
0 0.510156 0.295486 0.064062 0.065972
3 0.517773 0.467708 0.069922 0.114583
1 0.518945 0.571181 0.082422 0.136806
0 0.752734 0.401736 0.061719 0.077083
0 0.839258 0.404861 0.059766 0.084722
1 0.773438 0.471528 0.075000 0.101389
1 0.880078 0.467361 0.067969 0.111111
0 0.864648 0.593056 0.109766 0.118056
