2 0.042773 0.499306 0.073047 0.173611
2 0.124609 0.584722 0.092969 0.197222
1 0.226758 0.711806 0.173047 0.244444
2 0.048633 0.729167 0.097266 0.269444
2 0.178125 0.371181 0.064844 0.096528
2 0.255859 0.403125 0.068750 0.118750
2 0.287500 0.338542 0.049219 0.104861
2 0.354492 0.445833 0.072266 0.176389
1 0.744727 0.610764 0.085547 0.167361
2 0.844727 0.734028 0.126172 0.343056
2 0.955469 0.688194 0.089063 0.319444
2 0.657813 0.387847 0.063281 0.161806
2 0.761133 0.368056 0.048828 0.130556
2 0.809961 0.445833 0.100391 0.147222
2 0.892578 0.423958 0.061719 0.164583
2 0.454102 0.322569 0.056641 0.096528
