4 0.233333 0.306713 0.047396 0.092130
4 0.286328 0.358565 0.043490 0.092130
4 0.200651 0.428241 0.056510 0.128704
4 0.211849 0.548843 0.064844 0.163426
5 0.285938 0.510880 0.081771 0.229167
3 0.165365 0.705556 0.077604 0.207407
2 0.290365 0.711574 0.086458 0.184259
2 0.457943 0.319676 0.031510 0.089352
2 0.475651 0.382870 0.037240 0.102778
4 0.534896 0.387037 0.046875 0.104630
4 0.498177 0.457870 0.057292 0.121296
4 0.566667 0.568056 0.058854 0.121296
2 0.633594 0.387500 0.028125 0.093519
2 0.693099 0.389352 0.045573 0.107407
4 0.604427 0.460417 0.055729 0.131019
4 0.665104 0.459259 0.063021 0.125000
4 0.665365 0.566204 0.069792 0.146296
4 0.612500 0.691667 0.070312 0.193519
4 0.759245 0.556944 0.061719 0.141667
2 0.718099 0.711574 0.078385 0.162037
4 0.860026 0.695833 0.073698 0.165741
4 0.951042 0.692824 0.065625 0.152315
4 0.848177 0.405556 0.041667 0.104630
2 0.905078 0.479630 0.064323 0.092593
