2 0.293229 0.365046 0.049479 0.106944
2 0.216276 0.428009 0.064323 0.123611
2 0.308333 0.440046 0.060937 0.127315
2 0.213411 0.546991 0.065885 0.156944
3 0.292708 0.543981 0.064583 0.153704
2 0.172266 0.718287 0.097135 0.175463
2 0.297656 0.722454 0.078125 0.182870
2 0.462240 0.325694 0.026042 0.077315
2 0.533333 0.336111 0.035417 0.075926
2 0.481380 0.384722 0.041927 0.093519
2 0.551823 0.392361 0.052083 0.094907
2 0.492969 0.465741 0.059896 0.106481
2 0.633854 0.397917 0.039062 0.090278
3 0.685937 0.401620 0.041667 0.088426
2 0.611458 0.473843 0.048958 0.103241
2 0.670312 0.466898 0.052604 0.110648
2 0.564974 0.566898 0.065885 0.118981
1 0.654036 0.566435 0.071094 0.137500
2 0.749089 0.568750 0.069010 0.133796
2 0.750651 0.463657 0.054948 0.093981
2 0.612760 0.698148 0.074479 0.182407
2 0.716927 0.713194 0.076042 0.154167
2 0.855078 0.699537 0.080990 0.162963
4 0.951562 0.685648 0.056771 0.142593
2 0.840104 0.411111 0.044792 0.085185
2 0.902734 0.419444 0.042969 0.081481
2 0.951562 0.483796 0.052604 0.080556
