5 0.576758 0.300347 0.080078 0.210417
2 0.070312 0.525347 0.105469 0.210417
3 0.166992 0.646875 0.120703 0.250694
2 0.096484 0.836806 0.185938 0.305556
3 0.285547 0.835764 0.112500 0.299306
2 0.098633 0.309375 0.080078 0.099306
2 0.198828 0.334722 0.066406 0.102778
2 0.266602 0.375000 0.076172 0.162500
2 0.536523 0.517014 0.094141 0.239583
2 0.644922 0.521875 0.059375 0.197917
2 0.728711 0.641319 0.144141 0.317361
2 0.870703 0.606250 0.102344 0.277778
3 0.952734 0.414931 0.082031 0.174306
3 0.858398 0.433681 0.091016 0.190972
2 0.782422 0.350000 0.070312 0.165278
2 0.695117 0.377083 0.063672 0.163889
2 0.646484 0.321528 0.042188 0.138889
