2 0.212305 0.282986 0.041016 0.081250
2 0.170508 0.334722 0.052734 0.081944
1 0.142969 0.564931 0.084375 0.125694
1 0.233008 0.395486 0.065234 0.096528
1 0.195117 0.470139 0.066016 0.104167
2 0.262500 0.334722 0.048438 0.090278
2 0.295312 0.293056 0.035156 0.063889
1 0.436719 0.331250 0.050000 0.083333
2 0.413281 0.400694 0.058594 0.109722
2 0.405859 0.473611 0.068750 0.111111
3 0.370703 0.583333 0.081250 0.112500
3 0.518750 0.332639 0.049219 0.077778
3 0.527539 0.464583 0.066016 0.116667
1 0.519531 0.563194 0.083594 0.155556
1 0.751953 0.404514 0.052344 0.079861
1 0.841016 0.400000 0.063281 0.070833
3 0.782422 0.473611 0.063281 0.097222
2 0.897656 0.470139 0.046875 0.113889
1 0.856836 0.581944 0.067578 0.109722
2 0.958594 0.565278 0.075000 0.136111
