2 0.234505 0.309722 0.039844 0.096296
3 0.294661 0.362269 0.055990 0.119907
2 0.307682 0.439583 0.067448 0.121759
3 0.289323 0.550926 0.073958 0.147222
2 0.206901 0.545370 0.057552 0.160185
2 0.159896 0.731944 0.080729 0.176852
3 0.293099 0.733796 0.088802 0.200000
2 0.458854 0.325463 0.028646 0.089815
2 0.521484 0.326157 0.026823 0.084722
2 0.537500 0.379630 0.043229 0.089815
2 0.494401 0.451852 0.058594 0.107407
2 0.637109 0.395139 0.043490 0.097685
2 0.695964 0.399537 0.037240 0.088889
2 0.614714 0.468981 0.048698 0.108333
2 0.673958 0.459491 0.044271 0.107870
2 0.570182 0.553704 0.064844 0.140741
2 0.656250 0.554167 0.056250 0.134259
2 0.747917 0.551620 0.054167 0.127315
2 0.758724 0.467130 0.051302 0.112037
3 0.609766 0.705324 0.069010 0.155093
2 0.725911 0.699769 0.065885 0.153241
3 0.841536 0.690278 0.073698 0.144444
2 0.844141 0.547222 0.066927 0.142593
2 0.844401 0.399537 0.048177 0.106481
2 0.908594 0.472917 0.045833 0.113426
2 0.963021 0.474306 0.040625 0.089352
