2 0.236068 0.308565 0.036719 0.085648
2 0.287630 0.369676 0.042969 0.120833
2 0.209635 0.431250 0.066667 0.108796
3 0.307943 0.436111 0.050260 0.117593
2 0.207031 0.541898 0.062500 0.152315
3 0.284896 0.538194 0.067187 0.156019
3 0.162370 0.697917 0.095573 0.196759
2 0.294922 0.721065 0.083073 0.185648
2 0.461458 0.316898 0.028646 0.076389
2 0.523958 0.332407 0.028125 0.085185
2 0.476953 0.383565 0.038281 0.110648
2 0.537630 0.384491 0.045573 0.085648
2 0.499609 0.460417 0.048177 0.106944
2 0.571615 0.547222 0.054167 0.129630
2 0.638802 0.387963 0.042708 0.109259
2 0.609115 0.463657 0.048438 0.112500
2 0.673177 0.462037 0.052083 0.117593
2 0.692318 0.394213 0.043490 0.094907
2 0.653516 0.559954 0.068490 0.153241
2 0.746745 0.558333 0.062760 0.144444
2 0.764453 0.460185 0.052344 0.112037
2 0.616016 0.702083 0.072135 0.173611
2 0.713411 0.704167 0.077344 0.151852
2 0.844401 0.556481 0.066927 0.130556
2 0.840495 0.694907 0.075260 0.162963
2 0.942708 0.689583 0.065625 0.158796
2 0.848307 0.399074 0.047656 0.095370
1 0.911068 0.486111 0.052865 0.091667
1 0.962760 0.477315 0.045833 0.082407
