2 0.235026 0.310648 0.037240 0.094444
2 0.288411 0.360880 0.047656 0.116204
2 0.205078 0.425694 0.063802 0.132870
2 0.307031 0.444676 0.061458 0.116204
2 0.207031 0.552083 0.059896 0.120833
2 0.277734 0.552546 0.058594 0.151389
2 0.174089 0.710417 0.095573 0.195833
2 0.299089 0.733796 0.105990 0.175000
2 0.462760 0.321065 0.034896 0.090278
2 0.523698 0.331019 0.027083 0.077778
2 0.477734 0.383333 0.034635 0.093519
2 0.544271 0.383333 0.044792 0.094444
2 0.635547 0.392130 0.038281 0.102778
2 0.695312 0.387500 0.041146 0.101852
2 0.499479 0.458102 0.053646 0.109722
1 0.609896 0.462963 0.053646 0.112037
2 0.673958 0.459491 0.046875 0.118056
2 0.762240 0.464583 0.050000 0.099537
2 0.567708 0.562269 0.074479 0.133796
2 0.653125 0.556713 0.073438 0.139352
2 0.754687 0.556019 0.068229 0.137963
2 0.853385 0.558333 0.071354 0.125926
2 0.610547 0.711111 0.070573 0.169444
2 0.722526 0.713194 0.079948 0.132870
2 0.839714 0.685648 0.069010 0.148148
2 0.916667 0.676852 0.076563 0.134259
2 0.848177 0.416204 0.047917 0.089815
2 0.915755 0.475463 0.054948 0.091667
2 0.962760 0.482176 0.039062 0.105093
