5 0.881641 0.350000 0.066406 0.227778
2 0.145703 0.337847 0.050781 0.131250
2 0.193359 0.387847 0.053125 0.163194
2 0.248828 0.460069 0.082812 0.171528
3 0.337109 0.537153 0.082812 0.222917
3 0.127344 0.566667 0.087500 0.215278
3 0.197266 0.735764 0.190625 0.234028
3 0.425195 0.679514 0.108984 0.257639
3 0.346680 0.880903 0.158984 0.238194
3 0.568359 0.866319 0.131250 0.254861
2 0.392578 0.343403 0.052344 0.100694
2 0.456055 0.381597 0.065234 0.107639
2 0.492773 0.303819 0.058203 0.117361
2 0.541211 0.417708 0.062109 0.175694
2 0.797070 0.600347 0.102734 0.242361
3 0.954102 0.597222 0.091797 0.211111
2 0.974219 0.385764 0.051562 0.111806
2 0.756055 0.338542 0.067578 0.115972
