1 0.204102 0.282292 0.041797 0.082639
2 0.173633 0.334722 0.050391 0.080556
2 0.127734 0.395833 0.052344 0.091667
1 0.061523 0.460417 0.090234 0.118056
3 0.031836 0.573611 0.063672 0.116667
2 0.295117 0.290278 0.037109 0.063889
3 0.251367 0.332292 0.044922 0.092361
2 0.232227 0.393403 0.064453 0.110417
1 0.179297 0.479861 0.073438 0.119444
3 0.143359 0.557292 0.077344 0.136806
1 0.403125 0.584722 0.089063 0.130556
3 0.517188 0.327431 0.042969 0.075694
3 0.514258 0.397569 0.040234 0.082639
3 0.531641 0.475347 0.053125 0.099306
1 0.522070 0.563889 0.087109 0.140278
2 0.407031 0.469792 0.072656 0.103472
2 0.436719 0.331597 0.037500 0.077083
2 0.421289 0.395486 0.052734 0.092361
1 0.752539 0.400000 0.055078 0.075000
1 0.848047 0.396875 0.064844 0.092361
3 0.782813 0.470486 0.059375 0.103472
3 0.898828 0.465278 0.065625 0.106944
1 0.848828 0.572569 0.083594 0.117361
2 0.951172 0.564931 0.078125 0.134028
