2 0.210938 0.283333 0.045312 0.084722
2 0.172266 0.336458 0.048438 0.096528
2 0.131641 0.398958 0.051562 0.093750
1 0.075977 0.456944 0.070703 0.122222
1 0.031445 0.561806 0.062891 0.133333
2 0.294336 0.285764 0.038672 0.081250
2 0.255664 0.327083 0.046484 0.094444
2 0.228516 0.396528 0.074219 0.093056
3 0.183594 0.461806 0.070312 0.112500
2 0.138672 0.561458 0.093750 0.142361
3 0.430273 0.329514 0.044141 0.081250
2 0.416797 0.402431 0.060937 0.100694
2 0.408203 0.469097 0.067187 0.109028
3 0.390820 0.576389 0.071484 0.127778
3 0.525781 0.462500 0.071094 0.104167
2 0.519922 0.563542 0.074219 0.160417
0 0.489063 0.288889 0.034375 0.069444
3 0.517383 0.396528 0.051172 0.086111
1 0.750586 0.406250 0.051172 0.073611
2 0.842773 0.397222 0.059766 0.102778
2 0.775977 0.475694 0.069141 0.098611
3 0.852734 0.573958 0.067187 0.124306
2 0.951953 0.565625 0.079687 0.134028
