2 0.097461 0.462847 0.034766 0.088194
2 0.120117 0.500000 0.036328 0.118056
2 0.147266 0.555903 0.035937 0.128472
2 0.188477 0.626736 0.081641 0.210417
2 0.152344 0.413542 0.031250 0.071528
2 0.177148 0.437500 0.037891 0.087500
2 0.256641 0.532986 0.053906 0.110417
2 0.211328 0.474653 0.036719 0.100694
2 0.309180 0.617014 0.073047 0.132639
2 0.283789 0.771875 0.119141 0.228472
2 0.401172 0.736458 0.101562 0.168750
2 0.298438 0.400347 0.031250 0.061806
2 0.327344 0.423264 0.035937 0.065972
2 0.391016 0.443403 0.046094 0.109028
2 0.451758 0.498958 0.049609 0.100694
2 0.458398 0.429514 0.038672 0.084028
2 0.547266 0.553472 0.051562 0.147222
2 0.617969 0.552083 0.048438 0.111111
2 0.679297 0.626736 0.084375 0.192361
2 0.771875 0.598611 0.069531 0.177778
2 0.516406 0.397917 0.038281 0.080556
2 0.579492 0.414236 0.038672 0.096528
2 0.629102 0.417361 0.031641 0.070833
2 0.664258 0.452083 0.047266 0.093056
2 0.712109 0.435764 0.042969 0.100694
2 0.813867 0.484722 0.039453 0.097222
2 0.888672 0.543056 0.062500 0.150000
2 0.956250 0.520833 0.062500 0.134722
