2 0.232813 0.311574 0.041667 0.097222
2 0.287240 0.367824 0.044271 0.106019
2 0.199479 0.438657 0.052604 0.120833
2 0.308594 0.449074 0.056250 0.117593
2 0.204036 0.560880 0.067448 0.124537
2 0.278125 0.553472 0.058854 0.143056
2 0.155078 0.719444 0.126823 0.182407
2 0.290755 0.738889 0.083594 0.162037
2 0.458854 0.327083 0.031771 0.087500
2 0.521484 0.332639 0.027344 0.079167
2 0.475911 0.392130 0.031510 0.105556
2 0.500391 0.461111 0.052344 0.122222
2 0.638151 0.390741 0.045573 0.100926
1 0.570703 0.555093 0.069010 0.146296
2 0.607943 0.461343 0.046615 0.104167
2 0.681771 0.463426 0.047917 0.108333
2 0.661198 0.559954 0.063542 0.161574
2 0.754167 0.562731 0.059896 0.146759
2 0.844792 0.418750 0.044271 0.085648
2 0.952604 0.470370 0.039583 0.097222
2 0.907552 0.464120 0.044792 0.112500
2 0.846875 0.557407 0.068750 0.126852
2 0.611849 0.710880 0.073177 0.174537
2 0.717187 0.715972 0.068229 0.158796
2 0.841667 0.698148 0.080729 0.156481
4 0.941146 0.687037 0.063542 0.150926
