0 0.212891 0.300694 0.054688 0.059722
0 0.172852 0.347917 0.064453 0.068056
0 0.125977 0.404861 0.075391 0.100000
3 0.060937 0.467014 0.070312 0.121528
0 0.301953 0.293750 0.054688 0.061111
2 0.260742 0.326389 0.051172 0.094444
2 0.234180 0.401042 0.064453 0.103472
3 0.178125 0.464236 0.080469 0.143750
0 0.151172 0.590278 0.114844 0.095833
0 0.432617 0.294097 0.066797 0.056250
1 0.413281 0.403819 0.063281 0.103472
1 0.411719 0.477778 0.058594 0.098611
0 0.402734 0.591319 0.106250 0.135417
0 0.505273 0.292361 0.044141 0.069444
3 0.523047 0.467014 0.067969 0.106250
2 0.516016 0.567708 0.092188 0.135417
1 0.841211 0.411111 0.064453 0.095833
3 0.889062 0.472222 0.061719 0.111111
0 0.862695 0.603819 0.111328 0.097917
0 0.959180 0.586111 0.076172 0.140278
