2 0.236589 0.314352 0.042448 0.089815
2 0.289193 0.360185 0.041927 0.103704
2 0.210677 0.358565 0.044792 0.103241
4 0.207813 0.440278 0.073958 0.116667
4 0.308333 0.443519 0.055208 0.125000
4 0.209766 0.551852 0.079427 0.131481
4 0.288281 0.551157 0.069792 0.149537
3 0.169531 0.719907 0.109896 0.213889
2 0.459505 0.323611 0.032031 0.084259
2 0.524219 0.326620 0.029687 0.085648
2 0.482031 0.385880 0.043229 0.097685
4 0.538151 0.391667 0.041927 0.100000
2 0.500260 0.458333 0.052604 0.100926
2 0.635938 0.386111 0.043750 0.108333
2 0.696745 0.398611 0.038281 0.092593
2 0.609375 0.470602 0.050521 0.112500
2 0.672526 0.460417 0.043490 0.113426
2 0.762240 0.468287 0.047917 0.097685
4 0.567708 0.547685 0.065104 0.145370
2 0.656901 0.561806 0.066927 0.143056
4 0.749089 0.557870 0.067969 0.138889
2 0.848828 0.559954 0.075781 0.133796
2 0.617448 0.704861 0.063542 0.168056
1 0.715755 0.706019 0.072656 0.160185
2 0.838411 0.690972 0.079427 0.165278
4 0.938932 0.688657 0.064844 0.152315
2 0.845703 0.413889 0.039844 0.084259
1 0.967318 0.478935 0.044531 0.060648
1 0.911589 0.486574 0.058073 0.078704
