2 0.208594 0.286458 0.042969 0.082639
2 0.171289 0.338889 0.053516 0.084722
2 0.131055 0.402778 0.050391 0.081944
1 0.071094 0.465278 0.068750 0.130556
1 0.032617 0.569097 0.062109 0.121528
2 0.295117 0.290972 0.037891 0.062500
2 0.249023 0.332986 0.042578 0.092361
1 0.231836 0.399653 0.062891 0.099306
2 0.186328 0.458333 0.090625 0.118056
2 0.140039 0.556944 0.089453 0.130556
3 0.430859 0.327778 0.046875 0.084722
2 0.417578 0.400000 0.057031 0.090278
2 0.406055 0.469097 0.061328 0.102083
1 0.394727 0.574653 0.083984 0.129861
3 0.516016 0.334722 0.050000 0.083333
3 0.525391 0.465278 0.072656 0.113889
2 0.519727 0.562500 0.083984 0.148611
1 0.754102 0.409722 0.049609 0.065278
2 0.842773 0.393403 0.060547 0.096528
0 0.778906 0.481597 0.081250 0.100694
3 0.894531 0.469792 0.048438 0.114583
2 0.855273 0.569792 0.072266 0.136806
2 0.951953 0.559375 0.079687 0.142361
