2 0.036133 0.355208 0.058203 0.117361
2 0.082227 0.406250 0.059766 0.180556
2 0.142773 0.487153 0.083203 0.179861
1 0.049609 0.601042 0.099219 0.186806
2 0.144336 0.705903 0.157422 0.335417
1 0.309766 0.711111 0.160156 0.300000
2 0.221484 0.566319 0.061719 0.222917
2 0.286523 0.358333 0.066797 0.109722
1 0.373633 0.388194 0.075391 0.130556
2 0.373633 0.388194 0.075391 0.130556
2 0.466211 0.425000 0.076953 0.179167
1 0.884375 0.621528 0.104688 0.201389
3 0.952539 0.438194 0.083984 0.177778
1 0.906250 0.369792 0.055469 0.157639
2 0.806445 0.377083 0.079297 0.172222
2 0.578711 0.300694 0.062109 0.108333
