3 0.236719 0.309722 0.036458 0.075000
2 0.286458 0.354861 0.054167 0.100463
2 0.203255 0.432870 0.065365 0.115741
2 0.302865 0.451157 0.060937 0.119907
3 0.202214 0.545833 0.067969 0.168519
1 0.278255 0.568981 0.074740 0.136111
3 0.151823 0.709722 0.090625 0.188889
3 0.291016 0.743287 0.109635 0.187500
4 0.458724 0.327778 0.035677 0.085185
2 0.525130 0.328704 0.028906 0.087963
2 0.481771 0.387731 0.037500 0.096759
2 0.540495 0.386574 0.049219 0.098148
2 0.497526 0.468287 0.050781 0.099537
2 0.636328 0.388657 0.042969 0.106019
5 0.693359 0.364815 0.045573 0.149074
2 0.612240 0.465741 0.048958 0.110185
2 0.566016 0.563889 0.061719 0.138889
2 0.677083 0.459491 0.052083 0.100463
3 0.653125 0.559491 0.066146 0.152315
2 0.754687 0.556481 0.065104 0.148148
2 0.763021 0.465278 0.051042 0.111111
2 0.605859 0.696759 0.076823 0.162963
2 0.725260 0.714120 0.081771 0.156944
3 0.834375 0.701852 0.071354 0.138889
3 0.929688 0.681250 0.061979 0.154167
3 0.838281 0.558102 0.070312 0.137500
3 0.913411 0.471759 0.056510 0.108333
2 0.847396 0.408102 0.057813 0.105093
