1 0.236849 0.310880 0.047135 0.079167
2 0.209245 0.355093 0.054948 0.096296
2 0.291146 0.360648 0.046354 0.102778
1 0.216276 0.434954 0.083594 0.118981
2 0.310156 0.441204 0.057813 0.140741
1 0.201693 0.555324 0.078385 0.138426
1 0.284505 0.542130 0.077344 0.152778
4 0.144141 0.726389 0.110677 0.166667
1 0.315104 0.736806 0.075521 0.192130
2 0.460286 0.322222 0.033073 0.090741
2 0.484896 0.383333 0.040104 0.085185
2 0.544531 0.385185 0.044271 0.090741
3 0.495443 0.465046 0.079948 0.118981
1 0.599349 0.452315 0.065885 0.113889
1 0.669271 0.465278 0.066146 0.112963
1 0.640365 0.399769 0.043750 0.098611
1 0.698828 0.404167 0.042448 0.088889
2 0.560937 0.571065 0.067187 0.123611
2 0.660547 0.575000 0.085156 0.129630
2 0.754167 0.553704 0.056771 0.137037
2 0.599479 0.709028 0.064062 0.181944
4 0.690885 0.715741 0.069792 0.157407
0 0.862891 0.719907 0.107031 0.150926
1 0.841146 0.557176 0.089063 0.145833
1 0.952995 0.710185 0.077865 0.124074
0 0.908854 0.491204 0.064062 0.074074
0 0.859245 0.423148 0.059115 0.085185
