2 0.185547 0.363194 0.067969 0.166667
2 0.286914 0.343403 0.041016 0.145139
2 0.332813 0.405903 0.078125 0.195139
2 0.426367 0.387847 0.051172 0.150694
1 0.484180 0.452431 0.093359 0.199306
3 0.607422 0.420833 0.096094 0.216667
2 0.073828 0.445139 0.089844 0.176389
2 0.076367 0.594097 0.110547 0.199306
2 0.244336 0.652431 0.119141 0.354861
2 0.424805 0.646181 0.099609 0.254861
2 0.685156 0.742708 0.163281 0.320139
2 0.533594 0.805556 0.181250 0.387500
3 0.717187 0.512500 0.104688 0.193056
1 0.948828 0.603125 0.089063 0.318750
