3 0.234635 0.312731 0.032813 0.083796
4 0.292969 0.360417 0.040104 0.108796
4 0.198177 0.428704 0.070312 0.116667
3 0.304557 0.431944 0.064844 0.128704
4 0.205339 0.546991 0.057552 0.149537
4 0.294141 0.546065 0.071094 0.171759
3 0.157682 0.717593 0.083073 0.169444
2 0.295703 0.741898 0.092448 0.166204
2 0.465104 0.320602 0.029687 0.097685
2 0.522005 0.328935 0.026823 0.082870
2 0.477474 0.386806 0.036719 0.092130
4 0.537500 0.386343 0.039583 0.101389
2 0.500000 0.460648 0.052604 0.110185
3 0.606120 0.461806 0.055990 0.116204
2 0.633203 0.387037 0.042969 0.107407
2 0.691536 0.390741 0.042969 0.099074
4 0.675651 0.454861 0.053906 0.122685
4 0.565625 0.558565 0.060937 0.146759
1 0.656510 0.562269 0.069271 0.152315
4 0.752083 0.556481 0.066146 0.146296
2 0.614974 0.706944 0.071615 0.162963
3 0.716406 0.708796 0.078646 0.142593
1 0.852474 0.697917 0.075781 0.168981
4 0.941927 0.682870 0.069792 0.136111
1 0.842839 0.416204 0.043490 0.097222
4 0.910677 0.422917 0.031771 0.080093
0 0.911068 0.499306 0.057031 0.081944
3 0.964714 0.479398 0.041927 0.077315
