2 0.241536 0.312037 0.044531 0.079630
2 0.287760 0.363889 0.051562 0.098148
2 0.206120 0.353935 0.050781 0.097685
4 0.201432 0.435648 0.060677 0.110185
2 0.308984 0.442361 0.053906 0.108796
2 0.202734 0.554398 0.087240 0.146759
3 0.282161 0.553472 0.059635 0.137500
3 0.160807 0.707176 0.104948 0.209722
2 0.463542 0.320139 0.034375 0.093056
2 0.478385 0.385185 0.039062 0.087963
3 0.540104 0.378935 0.040104 0.102315
2 0.495703 0.458333 0.054427 0.111111
2 0.605859 0.456944 0.043490 0.124074
2 0.675911 0.467593 0.057031 0.112963
2 0.638151 0.398611 0.035156 0.092593
2 0.698698 0.403241 0.039062 0.092593
2 0.568099 0.550926 0.064323 0.130556
2 0.647917 0.555556 0.071875 0.140741
2 0.611328 0.704398 0.071615 0.177315
2 0.842969 0.414352 0.050000 0.084259
1 0.950260 0.468981 0.063021 0.075000
2 0.895833 0.476620 0.034896 0.104167
2 0.742318 0.553935 0.068490 0.139352
3 0.713542 0.697685 0.088021 0.177778
2 0.849479 0.694907 0.084375 0.141667
2 0.837370 0.556713 0.079427 0.127315
4 0.947266 0.684954 0.063802 0.136574
