2 0.237109 0.310417 0.035677 0.077315
2 0.281250 0.368056 0.041146 0.098148
1 0.197656 0.426852 0.057813 0.115741
4 0.312109 0.437037 0.060677 0.125926
1 0.202865 0.557639 0.060417 0.136574
1 0.273438 0.552083 0.062500 0.168981
4 0.143359 0.718287 0.097135 0.199537
2 0.458984 0.322222 0.029948 0.099074
2 0.522526 0.329630 0.027865 0.077778
2 0.478906 0.385648 0.034896 0.112037
4 0.536719 0.393519 0.045833 0.099074
2 0.636198 0.390278 0.036979 0.102778
2 0.694922 0.401852 0.033594 0.088889
2 0.501042 0.458102 0.056250 0.113426
2 0.611198 0.462731 0.055729 0.120833
2 0.676432 0.461806 0.045052 0.109722
4 0.760026 0.470370 0.051302 0.110185
2 0.574740 0.552083 0.062500 0.131944
2 0.654948 0.563426 0.056771 0.149074
4 0.748307 0.558333 0.063802 0.124074
2 0.845833 0.559028 0.063021 0.122685
2 0.845182 0.404630 0.050260 0.100926
2 0.909245 0.478472 0.055990 0.091204
2 0.610026 0.699537 0.075781 0.170370
2 0.714583 0.714120 0.073958 0.168056
2 0.842969 0.700926 0.076563 0.151852
1 0.946354 0.686574 0.067708 0.164815
1 0.967708 0.476157 0.047917 0.094907
