2 0.214648 0.288889 0.048828 0.077778
2 0.171875 0.332292 0.050000 0.085417
2 0.125391 0.388889 0.050781 0.102778
2 0.072852 0.468056 0.067578 0.104167
1 0.035547 0.580556 0.066406 0.105556
2 0.299414 0.286111 0.041016 0.079167
2 0.260937 0.327083 0.047656 0.088889
2 0.232813 0.391319 0.062500 0.103472
2 0.184375 0.462500 0.062500 0.125000
2 0.134180 0.559028 0.078516 0.136111
1 0.491016 0.288889 0.037500 0.075000
2 0.433008 0.327083 0.049609 0.075000
3 0.517383 0.334375 0.041016 0.078472
2 0.429297 0.398611 0.051562 0.094444
3 0.510156 0.407639 0.039062 0.090278
2 0.411719 0.476736 0.064062 0.104861
3 0.409375 0.584722 0.074219 0.120833
2 0.516016 0.477778 0.051562 0.091667
2 0.532617 0.562500 0.077734 0.138889
3 0.841016 0.397222 0.058594 0.090278
1 0.913086 0.488194 0.066016 0.102778
1 0.781641 0.470486 0.076563 0.100694
1 0.858203 0.567708 0.072656 0.134028
1 0.964844 0.575000 0.067969 0.116667
