2 0.089258 0.403125 0.058203 0.178472
2 0.143945 0.493750 0.074609 0.187500
2 0.225977 0.576736 0.094141 0.207639
3 0.041406 0.572222 0.078125 0.237500
3 0.107813 0.752083 0.137500 0.381944
1 0.336328 0.704167 0.166406 0.252778
2 0.286719 0.348264 0.060156 0.109028
2 0.374023 0.385764 0.065234 0.115972
2 0.724219 0.598264 0.099219 0.271528
2 0.854688 0.630208 0.098437 0.188194
3 0.957812 0.430903 0.078125 0.210417
1 0.866211 0.386806 0.074609 0.130556
2 0.784766 0.385764 0.071875 0.138194
2 0.742773 0.332292 0.046484 0.124306
1 0.673633 0.344097 0.078516 0.159028
2 0.260156 0.874306 0.163281 0.233333
